Net  1( 13) :	 20	  7	 13	  2	 20	 13	  4	  4
15	 14	  9	 14	  7	
Net  2( 17) :	 16	  8	 16	  2	  3	 20	 15	  2
13	 10	 11	  6	  8	  6	  6	 20	 19	
Net  3(  4) :	 18	 11	 11	 18	
Net  4(  2) :	 14	 13	
Net  5(  6) :	  7	  2	 16	  6	 13	 11	
Net  6( 11) :	  8	  5	  7	  7	 19	  1	 12	 20
11	  9	 20	
Net  7(  2) :	 15	 19	
Net  8( 20) :	  4	 16	 10	 14	  5	 17	  7	 18
18	 14	 19	  5	 19	  3	 16	  3	 11	 12
2	  9	
Net  9( 13) :	  2	 12	  1	  4	  1	 20	 12	  7
10	 11	 10	  6	 12	
Net 10(  5) :	  2	  8	  1	 19	  5	
Net 11( 19) :	  9	 10	  4	 12	 17	 19	 14	  8
20	  2	  9	 13	  6	  1	  8	  6	 13	 20
12	
Net 12( 20) :	  2	 13	 11	 13	  7	 13	 20	  7
11	 16	 13	 12	 17	 16	  3	  5	  6	  8
12	 17	
Net 13( 19) :	 12	  9	  6	  5	 17	 11	 17	  8
14	 10	  1	  6	  1	 13	 12	 13	  4	 11
15	
Net 14( 20) :	  3	  6	  8	 10	 20	 12	 16	  7
16	 12	  8	 19	 13	 13	  3	  1	 16	 19
20	  1	
Net 15( 17) :	 20	 19	 13	  4	  2	 17	 19	 12
11	  9	 14	  9	  8	  4	  8	 12	 11	
Net 16( 10) :	 19	  2	 14	 17	 14	 18	 20	  6
5	 10	
Net 17( 16) :	  6	  2	  4	 16	 14	  7	 17	 10
17	  9	  1	  6	 14	  9	  5	  9	
Net 18(  4) :	  8	 19	 14	  6	
Net 19(  5) :	 19	 15	 18	 17	  6	
Net 20( 20) :	 13	 15	  8	 10	 17	 12	  5	  2
10	 14	 12	 19	 14	  4	  4	  7	  4	 20
8	 11	
Net 21(  5) :	 18	 17	  5	 10	 15	
Net 22( 19) :	  8	  3	 16	 11	 16	  3	 10	  5
11	 13	  2	 12	 15	 15	  3	 13	  8	 18
8	
Net 23(  2) :	  1	  7	
Net 24( 15) :	  4	  6	 11	 20	  3	 12	  6	 13
19	  9	  9	  1	  4	 11	 11	
Net 25( 12) :	  1	 15	  1	 12	  9	  7	  7	  1
14	  4	  8	 12	
Net 26( 12) :	 15	  4	 20	 12	  6	 11	 14	 18
16	  7	  8	  4	
Net 27(  3) :	  9	 19	 17	
Net 28( 20) :	 19	 17	  5	 11	 20	 14	 18	  6
14	  3	  2	 14	 14	 18	  8	 10	  9	 19
7	 11	
Net 29(  7) :	  4	  6	 11	 12	  2	 17	 12	
Net 30(  4) :	 13	  2	 10	  9	
Net 31(  4) :	 13	  8	 11	  2	
Net 32( 11) :	 17	 16	  7	 10	  2	 16	  9	 11
4	 19	 17	
Net 33( 15) :	  3	 13	 11	  5	 16	 12	  1	  7
4	 13	 20	  5	 13	  9	  9	
Net 34( 12) :	 20	 10	  6	  8	 18	  4	  9	 19
19	 17	  1	 14	
Net 35( 18) :	  9	 19	 10	  1	  9	  6	  8	 13
7	 14	 16	 19	  5	 12	 12	 14	  1	  4	
Net 36(  2) :	  2	  1	
Net 37( 13) :	 19	  4	 12	 17	 14	 20	  9	  7
6	 18	  5	  7	 10	
Net 38( 17) :	 13	 18	 17	 11	 11	  4	  9	  8
16	 12	 13	 16	  7	 17	  9	  7	 20	
Net 39(  5) :	 10	  3	 16	 15	  2	
Net 40( 20) :	  1	 19	  2	 17	 18	 11	  2	 10
8	 10	 12	 11	 14	 20	 18	  1	  4	  2
16	 10	
Net 41(  6) :	 16	 17	  9	  3	 18	 11	
Net 42(  5) :	  5	  4	  3	  5	  2	
Net 43( 17) :	 14	 19	  6	 15	 20	  6	 16	 11
16	  9	  3	  5	  9	 18	  6	 16	 19	
Net 44(  5) :	 12	  7	  3	  6	 17	
Net 45( 10) :	  4	  1	  8	 18	  5	  9	 13	 10
20	 11	
Net 46(  7) :	 11	 16	 12	 14	 11	 20	  8	
Net 47( 20) :	  1	 17	  4	 16	 15	 18	 19	  2
20	  5	 18	  4	  8	 18	 11	 18	 14	 11
2	  4	
Net 48(  2) :	 12	 19	
Net 49( 20) :	  7	 10	 18	  9	  2	 17	  7	  2
13	 10	  9	  7	  7	  8	 20	 18	 12	 17
1	 11	
Net 50( 19) :	  3	 20	 20	 14	  2	 15	  7	 13
5	 11	 12	  7	  8	 20	  8	 16	  7	  1
8	
Net 51(  7) :	  9	  7	 15	  8	  6	  4	 11	
Net 52( 14) :	  5	 14	 12	 19	 13	  3	  4	 14
17	 11	 19	 14	  1	 10	
Net 53(  6) :	  1	  1	  7	  8	 19	 19	
Net 54( 18) :	  7	  7	 14	 13	  7	 11	 16	 17
17	 12	 10	  9	  3	  3	 11	  6	  8	 20	
Net 55(  4) :	 18	 13	  1	  7	
Net 56( 18) :	 13	 20	 10	 20	 18	  8	  7	 16
6	 20	 20	  4	  3	 16	  1	 19	 19	  2	
Net 57(  9) :	  1	 16	 10	 19	  4	  9	  6	 13
13	
Net 58( 11) :	 20	 16	 18	 11	  5	 18	 20	  4
16	 16	  1	
Net 59( 16) :	 15	  5	 10	  2	 17	  8	 13	 18
7	  5	 14	 16	  3	  9	 16	  1	
Net 60( 14) :	  8	 18	 12	  3	 16	  2	 19	  5
14	 14	 20	  9	 14	  7	
Net 61( 20) :	 10	 16	  9	  6	 16	 13	 16	  2
17	  1	  9	 12	  9	  4	  4	  1	  3	  1
5	 17	
Net 62(  4) :	 18	 15	 12	 11	
Net 63( 18) :	  4	 19	 13	  2	  6	  3	 10	  6
20	  5	 18	 15	 18	  6	 15	  6	 17	 15	
Net 64( 11) :	 20	  8	  3	 13	 12	 19	 20	  9
13	 12	 20	
Net 65( 20) :	  7	 10	  4	 20	  7	  6	  1	 12
18	  5	  1	 12	 14	  7	 19	 19	 15	 13
19	  7	
Net 66( 18) :	 13	 19	  3	 11	 18	  4	 15	  1
15	  6	  7	  4	  2	 19	  3	 19	 19	  6	
Net 67(  7) :	 16	  7	  8	  9	 13	 18	 20	
Net 68(  4) :	  2	 18	 13	 14	
Net 69( 15) :	 11	 16	 13	  1	 19	  8	  1	  5
5	 20	  1	  6	 18	  3	  5	
Net 70( 17) :	  8	 20	  3	 14	 19	 12	 18	 16
11	  5	 18	 20	  9	 11	  2	 12	 18	
Net 71( 19) :	 12	  9	 14	  4	 13	 10	  3	 13
16	 20	  7	 12	 20	 15	 11	  2	 20	  2
5	
Net 72( 11) :	 17	  7	 14	  6	  7	 14	  8	 20
5	  6	  6	
Net 73( 17) :	 14	 19	 12	 18	  1	  6	 11	 16
18	 17	 19	 17	  3	  9	 18	  3	  2	
Net 74(  8) :	 12	 11	  1	  5	 16	  7	 18	  4	
Net 75( 15) :	 15	  9	  4	 14	 14	 15	 17	 11
15	  3	 13	 10	 20	  2	 20	
Net 76(  8) :	  4	 20	  5	 18	  2	 19	  9	 12	
Net 77( 18) :	  5	 19	 18	 15	  2	 16	  1	  2
20	 14	  7	 14	  3	 18	  8	 17	  2	  9	
Net 78( 17) :	  3	  8	 15	 19	  7	 11	 16	 20
10	 17	 11	  1	  1	 10	 10	 15	  3	
Net 79(  2) :	 15	 17	
Net 80(  2) :	  1	  3	
Net 81( 16) :	  3	 12	  1	 19	 14	  1	  6	 16
8	 12	  6	  6	  2	  2	 18	  3	
Net 82( 15) :	  8	  3	 10	  9	  5	 17	  4	 10
11	 20	 18	  3	  2	 19	 17	
Net 83( 14) :	 19	 15	  7	 19	 12	 14	 18	  3
20	 15	 17	 13	 12	 19	
Net 84( 14) :	 12	  2	 11	 12	 18	  7	 15	 19
10	 14	 16	  4	 16	  6	
Net 85(  8) :	  1	 16	  7	 19	  6	 19	  4	 15	
Net 86( 13) :	  3	  9	  9	  7	 13	  8	 20	 16
1	 11	  7	 18	  9	
Net 87(  9) :	 16	 10	  7	  3	 14	 14	  8	  6
14	
Net 88(  7) :	 12	 12	  8	  2	 16	 14	  7	
Net 89(  8) :	  2	 15	  9	  6	 14	  8	 13	  6	
Net 90( 20) :	 20	 15	 11	 13	  2	 20	 11	  4
5	  5	  3	 10	 10	 17	 14	 14	 16	 15
1	  9	
Net 91( 20) :	  2	  3	  8	 10	  8	 13	 10	 13
19	 11	 12	  5	  1	 16	  7	 13	 18	  2
9	 14	
Net 92( 11) :	 19	  4	 13	 12	  9	  1	 18	  9
9	 19	  2	
Net 93(  3) :	  6	  4	 11	
Net 94( 15) :	 13	  3	  8	  3	  6	  5	 16	 13
3	  8	 10	 16	 16	  4	 12	
Net 95( 20) :	 19	 17	  9	 19	 17	  7	  7	  5
5	 20	  8	  2	  3	 18	 11	 15	 12	 11
10	 17	
Net 96(  4) :	  5	  1	 17	  4	
Net 97( 11) :	 12	 11	  5	  4	 17	 15	 12	  5
13	  8	  3	
Net 98( 20) :	 12	 19	 11	 11	 20	 13	  8	  3
20	 11	 13	  1	 19	  7	  5	 19	  3	 20
9	 14	
Net 99( 13) :	  5	  9	 18	 20	 20	 15	 12	 19
17	  3	 11	 16	 13	
Net100( 19) :	  7	  5	  1	  9	  4	  3	  1	  4
2	  7	 20	 20	  9	 11	  8	 15	  1	 13
15	
