2000  6000
1 448
1 57
1 1140
1 340
1 1683
1 924
2 689
2 753
2 1170
2 1431
2 1163
2 1346
3 1855
3 20
3 458
3 1288
3 543
3 1740
4 1332
4 412
4 618
4 357
4 1920
4 1747
5 1495
5 70
5 1105
5 1208
5 1883
5 601
6 536
6 717
6 1493
6 570
6 838
6 1490
7 403
7 910
7 1169
7 205
7 1725
7 658
8 1382
8 381
8 1120
8 1053
8 1826
8 1380
9 218
9 1499
9 1325
9 1469
9 1112
9 1122
10 971
10 1642
10 206
10 560
10 875
10 1618
11 505
11 871
11 1849
11 1194
11 1480
11 415
12 290
12 258
12 470
12 1350
12 1736
12 1722
13 491
13 441
13 206
13 163
13 387
13 1344
14 359
14 1068
14 1003
14 1314
14 1060
14 1284
15 710
15 187
15 575
15 1895
15 1128
15 391
16 28
16 1327
16 769
16 737
16 1792
16 1115
17 1325
17 1033
17 866
17 1252
17 898
17 1233
18 1576
18 1389
18 218
18 1343
18 1595
18 1133
19 1794
19 83
19 751
19 1707
19 308
19 1506
20 1959
20 378
20 1964
20 1823
20 1410
21 905
21 1711
21 711
21 363
21 535
21 450
22 91
22 631
22 148
22 760
22 165
22 966
23 1087
23 861
23 1451
23 318
23 1380
23 1767
24 781
24 910
24 1035
24 1996
24 687
24 1420
25 1386
25 736
25 1107
25 1945
25 61
25 1548
26 926
26 1780
26 107
26 1572
26 74
26 1584
27 152
27 134
27 99
27 1108
27 145
27 588
28 364
28 1315
28 1026
28 1188
28 1512
29 1204
29 1125
29 1904
29 605
29 83
29 1804
30 970
30 1334
30 1661
30 1083
30 1474
30 771
31 1352
31 642
31 562
31 1764
31 752
31 1510
32 1519
32 76
32 696
32 1938
32 1233
32 823
33 1723
33 1810
33 599
33 739
33 106
33 1322
34 82
34 1588
34 1554
34 432
34 142
34 478
35 1442
35 238
35 779
35 1961
35 1157
35 1072
36 644
36 713
36 872
36 1931
36 1434
36 198
37 499
37 1562
37 1513
37 1757
37 616
37 1763
38 1386
38 371
38 188
38 1799
38 202
38 782
39 715
39 1719
39 1968
39 1570
39 1207
39 1898
40 670
40 1441
40 1567
40 174
40 994
40 1074
41 1698
41 716
41 1834
41 1438
41 215
41 651
42 274
42 465
42 1418
42 636
42 410
42 1681
43 1781
43 1948
43 1935
43 881
43 1865
43 1212
44 86
44 1008
44 137
44 1437
44 1825
44 998
45 483
45 1042
45 930
45 952
45 142
45 1371
46 1087
46 1750
46 85
46 1818
46 777
46 1938
47 1143
47 299
47 437
47 1450
47 626
47 254
48 1511
48 749
48 1644
48 255
48 510
48 1534
49 1602
49 1632
49 456
49 1633
49 1695
49 424
50 860
50 1278
50 236
50 1426
50 655
50 446
51 1821
51 1006
51 1742
51 723
51 1705
51 1202
52 1550
52 1603
52 1751
52 590
52 423
52 603
53 548
53 1030
53 988
53 1139
53 276
53 771
54 275
54 1840
54 1045
54 1150
54 92
54 1838
55 1659
55 1271
55 1060
55 941
55 1289
55 1904
56 999
56 370
56 1866
56 846
56 171
56 1845
57 851
57 1604
57 1359
57 837
57 156
58 417
58 1362
58 1764
58 885
58 1236
58 243
59 1349
59 553
59 1021
59 1881
59 1688
59 930
60 447
60 406
60 1082
60 581
60 627
60 66
61 1702
61 761
61 1757
61 1648
61 1394
62 1229
62 1542
62 1088
62 148
62 1785
62 975
63 970
63 1932
63 205
63 1695
63 579
63 1594
64 892
64 1446
64 1699
64 190
64 979
64 356
65 1286
65 1681
65 1115
65 466
65 686
65 522
66 973
66 1320
66 328
66 1884
66 1746
67 1819
67 1620
67 944
67 1989
67 198
67 1371
68 321
68 353
68 1365
68 1872
68 1157
68 1417
69 947
69 1735
69 360
69 1572
69 1560
69 1160
70 348
70 633
70 564
70 1214
70 574
71 166
71 1943
71 616
71 1119
71 229
71 1990
72 1442
72 114
72 490
72 1590
72 1224
72 1798
73 482
73 373
73 1717
73 1304
73 823
73 1142
74 1029
74 1063
74 1524
74 453
74 1823
75 1255
75 1995
75 1123
75 1217
75 1560
75 1940
76 1481
76 1457
76 342
76 1741
76 983
77 460
77 78
77 1707
77 1019
77 562
77 254
78 332
78 442
78 878
78 1815
78 690
79 530
79 1967
79 1526
79 128
79 1141
79 1530
80 576
80 1056
80 1587
80 1956
80 1787
80 242
81 944
81 1823
81 649
81 845
81 1945
81 1832
82 770
82 345
82 717
82 1015
82 837
83 1780
83 1920
83 1593
83 925
84 1819
84 181
84 1563
84 1295
84 1930
84 1517
85 1701
85 1817
85 1966
85 1064
85 95
86 876
86 1755
86 248
86 1247
86 1850
87 1876
87 1327
87 279
87 1116
87 1625
87 401
88 1611
88 870
88 1059
88 719
88 664
88 1898
89 1652
89 910
89 1916
89 1985
89 1621
89 1185
90 1352
90 1629
90 1935
90 588
90 1824
90 131
91 227
91 170
91 1977
91 112
91 582
92 913
92 614
92 1108
92 1966
92 603
93 1619
93 766
93 1978
93 367
93 1879
93 1037
94 521
94 1810
94 375
94 237
94 484
94 1526
95 913
95 1368
95 1936
95 1405
95 356
96 494
96 1663
96 401
96 1379
96 857
96 1115
97 1010
97 1865
97 1870
97 885
97 1383
97 339
98 693
98 1320
98 2000
98 1275
98 443
98 210
99 435
99 1294
99 992
99 746
99 179
100 1172
100 300
100 1176
100 238
100 1373
100 892
101 326
101 1686
101 1615
101 1277
101 526
101 222
102 615
102 1588
102 685
102 1031
102 1014
102 1879
103 1387
103 977
103 1168
103 421
103 908
103 223
104 1518
104 1781
104 470
104 154
104 416
104 1825
105 1470
105 575
105 779
105 775
105 1960
105 998
106 787
106 752
106 790
106 1769
106 490
107 586
107 1023
107 282
107 849
107 1085
108 1998
108 1102
108 390
108 709
108 1764
108 737
109 1161
109 220
109 1937
109 569
109 1912
109 667
110 1622
110 1041
110 1018
110 789
110 1392
110 641
111 1364
111 314
111 1214
111 627
111 1980
111 204
112 1592
112 1875
112 1956
112 1909
112 1050
113 248
113 767
113 400
113 495
113 583
113 1289
114 1814
114 1939
114 346
114 595
114 501
115 1187
115 1134
115 1345
115 1519
115 1969
115 1130
116 1254
116 1400
116 1675
116 782
116 229
116 1207
117 787
117 1397
117 824
117 1240
117 1346
117 1859
118 521
118 1320
118 452
118 1268
118 524
118 1435
119 1689
119 1391
119 225
119 156
119 193
119 1435
120 1581
120 355
120 911
120 656
120 385
120 1683
121 1250
121 173
121 1554
121 1616
121 1358
121 1878
122 1399
122 1586
122 797
122 998
122 1089
122 380
123 1952
123 1291
123 1298
123 262
123 1248
123 1659
124 1448
124 214
124 1228
124 1769
124 1328
124 814
125 1619
125 1780
125 1012
125 201
125 598
125 1956
126 973
126 841
126 1830
126 731
126 1220
126 1709
127 996
127 1939
127 175
127 1589
127 209
127 1909
128 422
128 1067
128 1531
128 396
128 1279
129 758
129 439
129 436
129 1715
129 1079
129 1660
130 298
130 697
130 1420
130 671
130 681
130 902
131 1501
131 844
131 834
131 837
131 342
132 639
132 1389
132 137
132 1647
132 1826
132 1999
133 730
133 927
133 577
133 1784
133 465
133 1738
134 586
134 1311
134 356
134 153
134 1905
135 1092
135 1847
135 1004
135 1314
135 1695
135 1152
136 991
136 1499
136 1012
136 1891
136 1219
136 1645
137 488
137 355
137 1561
137 1779
138 864
138 359
138 604
138 1934
138 1584
138 778
139 1755
139 692
139 175
139 572
139 1477
139 675
140 816
140 695
140 667
140 1184
140 1804
140 858
141 452
141 1864
141 1667
141 1811
141 504
141 923
142 275
142 1025
142 229
142 262
143 1393
143 412
143 1004
143 1881
143 1350
143 506
144 350
144 187
144 1786
144 1506
144 1460
144 1940
145 1171
145 1795
145 1535
145 1022
145 1291
146 722
146 779
146 1568
146 419
146 1965
146 1651
147 438
147 1929
147 694
147 818
147 1983
147 604
148 1801
148 1075
148 1621
148 564
149 1310
149 647
149 522
149 335
149 1345
149 1907
150 864
150 433
150 1845
150 1493
150 1148
150 1857
151 226
151 1054
151 714
151 1983
151 826
151 594
152 1110
152 1996
152 1995
152 547
152 269
153 1349
153 752
153 570
153 1045
153 1185
154 1332
154 1913
154 311
154 251
154 601
155 527
155 1585
155 948
155 351
155 1610
155 735
156 1514
156 948
156 1000
156 1371
157 538
157 1227
157 688
157 324
157 1969
157 886
158 955
158 1395
158 1073
158 518
158 806
158 1344
159 701
159 1499
159 699
159 216
159 361
159 484
160 1101
160 795
160 1169
160 1908
160 1535
160 262
161 1599
161 371
161 1067
161 1422
161 234
161 232
162 170
162 1287
162 439
162 810
162 617
162 1127
163 1349
163 1872
163 1848
163 1236
163 1693
164 1470
164 1528
164 387
164 416
164 1544
164 1798
165 278
165 786
165 633
165 204
165 696
166 1277
166 1586
166 370
166 1340
166 955
167 1957
167 927
167 1843
167 1530
167 1754
167 395
168 586
168 427
168 1707
168 176
168 1616
168 1771
169 1505
169 577
169 1270
169 1224
169 1933
169 1782
170 220
170 1780
170 1875
170 193
171 670
171 455
171 789
171 507
171 471
172 1259
172 410
172 1197
172 1559
172 994
172 1131
173 1051
173 728
173 445
173 1047
173 1456
174 1259
174 1400
174 440
174 1191
174 675
175 1052
175 1735
175 389
175 1606
176 644
176 1671
176 632
176 1725
176 1545
177 1172
177 1667
177 599
177 407
177 1900
177 986
178 1733
178 644
178 938
178 949
178 1227
178 1752
179 1091
179 1500
179 568
179 1688
179 1465
180 905
180 1529
180 1111
180 1860
180 415
180 1343
181 1077
181 933
181 402
181 1027
181 939
182 996
182 213
182 1166
182 1422
182 1282
182 247
183 288
183 1730
183 779
183 506
183 1416
183 395
184 1599
184 1663
184 879
184 1013
184 824
184 789
185 999
185 1704
185 1270
185 1357
185 1797
185 1064
186 991
186 1499
186 860
186 385
186 510
186 1264
187 940
187 801
187 1563
187 1653
188 1299
188 614
188 1742
188 1595
188 242
189 1627
189 561
189 729
189 1767
189 1402
189 1484
190 1181
190 657
190 1451
190 384
190 516
191 240
191 471
191 898
191 706
191 924
191 1055
192 763
192 609
192 517
192 559
192 555
192 378
193 1558
193 894
193 1925
193 1932
194 461
194 1909
194 801
194 1007
194 1903
194 1753
195 1185
195 1072
195 993
195 1166
195 549
195 1540
196 644
196 716
196 1003
196 1748
196 1531
196 217
197 308
197 1667
197 1644
197 799
197 573
197 858
198 1448
198 688
198 1071
198 1266
199 995
199 910
199 1832
199 1424
199 1956
199 601
200 319
200 344
200 1061
200 1000
200 1047
200 394
201 321
201 1110
201 797
201 1829
201 1837
202 1550
202 437
202 203
202 1239
202 1860
203 1453
203 1486
203 239
203 407
203 1522
204 1600
204 977
204 1396
204 617
205 749
205 245
205 966
205 1221
206 1596
206 1134
206 1358
206 342
207 1129
207 580
207 1777
207 597
207 304
207 387
208 435
208 412
208 1515
208 295
208 1033
208 1804
209 1608
209 993
209 1398
209 1269
209 903
210 1814
210 642
210 645
210 1746
210 1737
211 1302
211 353
211 468
211 1208
211 1541
211 1954
212 784
212 235
212 712
212 1478
212 1974
212 1618
213 298
213 1765
213 898
213 776
213 380
214 1461
214 520
214 1392
214 1534
214 1194
215 1557
215 612
215 1044
215 627
215 1317
216 332
216 373
216 1357
216 1013
216 838
217 1835
217 1063
217 1404
217 1370
217 1474
218 1539
218 1214
218 619
218 1203
219 369
219 373
219 1745
219 965
219 346
219 432
220 1618
220 237
220 929
220 1686
221 447
221 1681
221 1012
221 872
221 401
221 1490
222 1387
222 1592
222 1190
222 1314
222 660
223 1998
223 723
223 1133
223 1122
223 466
224 639
224 1728
224 1563
224 269
224 1412
224 341
225 912
225 1287
225 1307
225 327
225 1590
226 693
226 1114
226 1776
226 1975
226 1317
227 1576
227 272
227 1885
227 1001
227 1853
228 951
228 1504
228 1867
228 1588
228 1734
228 1528
229 1010
229 351
229 537
230 1168
230 866
230 523
230 1661
230 753
230 932
231 1710
231 1475
231 1109
231 1729
231 515
231 1312
232 1705
232 780
232 1406
232 1235
232 490
233 1352
233 692
233 1147
233 656
233 1660
233 1772
234 319
234 1630
234 285
234 756
234 374
235 995
235 606
235 1113
235 937
235 624
236 1158
236 1285
236 714
236 1233
236 1315
237 1672
237 566
237 1931
237 1476
238 526
238 1004
238 617
238 1210
239 493
239 1833
239 1739
239 1314
239 1281
240 355
240 687
240 759
240 1522
240 477
241 496
241 1714
241 323
241 1908
241 1762
241 968
242 765
242 911
242 680
242 1330
243 920
243 603
243 573
243 1207
243 1788
244 1442
244 1662
244 1789
244 1292
244 304
244 1037
245 763
245 1098
245 752
245 1534
245 1300
246 1523
246 1602
246 1513
246 269
246 1860
246 1579
247 1599
247 1605
247 1734
247 1424
247 1816
248 1766
248 1528
248 994
248 764
249 698
249 1034
249 1634
249 378
249 270
249 734
250 1868
250 1445
250 1875
250 1551
250 966
250 581
251 417
251 697
251 1357
251 1752
251 960
252 1093
252 907
252 1718
252 1647
252 1740
252 1569
253 527
253 632
253 808
253 601
253 1605
253 1065
254 1442
254 1810
254 1661
254 266
255 1096
255 677
255 1977
255 903
255 1887
256 611
256 1477
256 1151
256 314
256 899
256 1963
257 467
257 1370
257 1545
257 897
257 1896
257 581
258 348
258 793
258 1019
258 1725
258 1108
259 1101
259 582
259 1850
259 1322
259 1930
259 1790
260 1374
260 511
260 413
260 1039
260 1802
260 393
261 920
261 758
261 279
261 1027
261 976
261 377
262 1428
262 1639
262 357
263 576
263 642
263 866
263 386
263 1431
263 1226
264 552
264 1667
264 1130
264 1159
264 1579
264 1285
265 1952
265 1944
265 1373
265 501
265 1315
265 754
266 1794
266 1587
266 1362
266 1891
266 1564
267 504
267 1466
267 941
267 1097
267 1348
267 1130
268 951
268 1107
268 443
268 1020
268 1924
268 427
269 1073
269 502
269 1659
270 343
270 1633
270 1975
270 1225
270 931
271 893
271 1813
271 568
271 721
271 1207
271 1200
272 839
272 295
272 1616
272 665
272 1660
273 718
273 1033
273 440
273 1512
273 1195
273 1925
274 1409
274 1792
274 603
274 1726
274 740
275 1716
275 1578
275 1425
275 1508
276 1287
276 795
276 1848
276 1300
276 1398
277 1310
277 1025
277 1987
277 453
277 510
277 1938
278 351
278 1305
278 1149
278 1961
278 1492
279 326
279 368
279 497
279 722
280 1665
280 1329
280 1889
280 1108
280 625
280 293
281 1011
281 1479
281 817
281 818
281 1697
281 1118
282 1672
282 1760
282 1217
282 1985
282 1356
283 1299
283 1760
283 1843
283 626
283 565
283 1842
284 1723
284 977
284 1228
284 803
284 1353
284 285
285 552
285 410
285 889
285 801
286 1495
286 410
286 1636
286 1417
286 814
286 1074
287 1321
287 888
287 1146
287 521
287 975
287 638
288 1346
288 870
288 1327
288 1131
288 1279
289 1855
289 871
289 328
289 1180
289 832
289 875
290 1723
290 1022
290 1824
290 1927
290 496
291 1173
291 1929
291 1105
291 1607
291 671
291 378
292 1720
292 426
292 703
292 352
292 1260
292 1622
293 1337
293 1079
293 376
293 922
293 297
294 1409
294 1605
294 711
294 725
294 1739
294 1281
295 619
295 1639
295 1215
295 1360
296 1057
296 1743
296 1016
296 1548
296 738
296 374
297 483
297 695
297 1555
297 673
297 1987
298 1740
298 1808
298 1665
298 927
299 1991
299 1157
299 873
299 998
299 649
300 426
300 1467
300 1734
300 1906
300 685
301 818
301 637
301 1364
301 794
301 632
301 810
302 433
302 1208
302 537
302 1685
302 347
302 902
303 970
303 780
303 703
303 1948
303 310
303 848
304 1806
304 575
304 579
304 850
305 997
305 1179
305 1768
305 1292
305 1167
305 1240
306 1571
306 964
306 1985
306 1302
306 1481
306 1171
307 1318
307 1852
307 1491
307 387
307 640
307 880
308 384
308 1404
308 1394
308 1828
309 1316
309 1443
309 1097
309 818
309 735
309 640
310 1511
310 513
310 1543
310 1366
310 650
311 710
311 794
311 1904
311 1890
311 1598
312 1749
312 1264
312 1345
312 1840
312 1810
312 775
313 804
313 1671
313 1404
313 1945
313 706
313 1763
314 1577
314 1284
314 1541
314 1383
315 1382
315 418
315 1771
315 634
315 686
315 1954
316 438
316 518
316 1637
316 1449
316 1322
316 1347
317 629
317 1949
317 1444
317 1304
317 1070
317 1712
318 586
318 711
318 1961
318 1549
318 424
319 448
319 883
319 363
319 1764
320 819
320 1023
320 1001
320 846
320 1474
320 520
321 1063
321 583
321 1867
321 992
322 1689
322 1110
322 1226
322 1965
322 1034
322 1941
323 1461
323 1489
323 1853
323 1266
323 591
324 615
324 1073
324 1315
324 1160
324 1845
325 1242
325 1924
325 1430
325 379
325 1854
325 1324
326 1355
326 1095
326 1502
326 841
327 459
327 358
327 1108
327 1127
327 1544
328 1453
328 1864
328 1290
328 557
329 1971
329 1703
329 1075
329 345
329 1174
329 1000
330 787
330 1500
330 430
330 1826
330 751
330 1892
331 811
331 857
331 1684
331 1941
331 1883
331 535
332 1381
332 514
332 1464
332 1493
333 804
333 993
333 1440
333 1917
333 1359
333 1233
334 369
334 678
334 936
334 1954
334 1981
334 603
335 764
335 1423
335 1852
335 982
335 1510
336 1819
336 1365
336 364
336 1666
336 1936
336 1834
337 1204
337 732
337 1298
337 1799
337 1347
337 1798
338 451
338 844
338 1863
338 1269
338 1039
338 360
339 1302
339 1558
339 465
339 1641
339 1224
340 1710
340 836
340 1818
340 1628
340 613
341 1352
341 1267
341 1685
341 1114
341 963
342 576
342 1153
342 1508
343 787
343 1542
343 1670
343 1268
343 1982
344 527
344 1388
344 468
344 1974
344 1378
345 1408
345 1918
345 1403
345 1100
346 877
346 682
346 558
346 1221
347 1149
347 674
347 1862
347 1871
347 1691
348 765
348 1177
348 1192
348 1328
349 504
349 1038
349 1547
349 1739
349 990
349 1507
350 1461
350 1758
350 1105
350 1121
350 1282
351 1820
351 1487
351 868
352 1971
352 1234
352 1094
352 421
352 1805
353 1368
353 1909
353 1837
353 602
354 460
354 1630
354 1451
354 1472
354 1595
354 1761
355 475
355 1722
355 1328
356 435
356 1297
356 1056
357 1216
357 1193
357 500
357 1285
358 504
358 1833
358 1152
358 1418
358 1473
359 792
359 487
359 1625
359 385
360 1321
360 392
360 863
360 1745
361 1806
361 1583
361 713
361 934
361 1761
362 1409
362 907
362 1655
362 1007
362 1812
362 487
363 498
363 1653
363 719
363 1815
364 749
364 1424
364 1353
364 1793
365 1453
365 1601
365 1015
365 1778
365 929
365 1118
366 1959
366 473
366 1059
366 544
366 731
366 1938
367 1092
367 1539
367 1328
367 754
367 908
368 1325
368 597
368 1966
368 1000
368 1222
369 820
369 1152
369 1818
369 643
370 1978
370 1462
370 604
370 960
371 1092
371 1099
371 1209
371 1881
372 816
372 1872
372 1497
372 956
372 1654
372 1525
373 1876
373 936
373 1313
374 947
374 1897
374 596
374 525
375 905
375 1158
375 1803
375 1831
375 832
376 1611
376 1629
376 1994
376 943
376 1196
377 546
377 1690
377 568
377 778
377 1388
378 703
378 731
379 717
379 1768
379 1141
379 1772
379 1244
380 404
380 1666
380 549
380 1188
381 1679
381 1687
381 1856
381 1677
381 1253
382 611
382 933
382 1708
382 1305
382 421
382 1853
383 796
383 1392
383 540
383 1300
383 1932
383 637
384 511
384 1520
384 1622
384 754
385 1897
385 1367
385 1041
386 1723
386 692
386 600
386 1078
386 1940
387 1204
387 1119
388 1537
388 765
388 660
388 1730
388 1447
388 1102
389 1835
389 1471
389 1083
389 1492
389 1947
390 403
390 523
390 1026
390 1862
390 1270
391 1781
391 948
391 613
391 895
391 686
392 615
392 531
392 1098
392 1043
392 1625
393 448
393 1913
393 1065
393 843
393 425
394 1922
394 853
394 1666
394 463
394 1628
395 1689
395 1475
395 1017
395 1727
396 457
396 1063
396 1551
396 1658
396 858
397 689
397 1009
397 744
397 821
397 543
397 624
398 1163
398 656
398 1526
398 543
398 978
398 697
399 981
399 1500
399 591
399 960
399 1729
399 814
400 1514
400 1436
400 1920
400 610
400 601
401 1232
401 1425
401 1089
402 611
402 1977
402 739
402 623
402 507
403 900
403 1478
403 961
403 569
404 1560
404 445
404 455
404 1061
404 1329
405 1171
405 1267
405 574
405 1055
405 790
405 931
406 552
406 793
406 1828
406 529
406 1476
407 1998
407 1820
407 655
407 1162
408 882
408 1869
408 1994
408 1642
408 440
408 1230
409 900
409 558
409 1011
409 887
409 1866
409 1160
410 1539
410 847
411 974
411 793
411 1279
411 1039
411 1926
411 980
412 1615
412 1283
412 1973
413 459
413 1381
413 1169
413 1693
413 700
414 503
414 1145
414 655
414 733
414 1607
414 537
415 1814
415 1271
415 1015
415 1677
416 1702
416 1231
416 680
416 1836
417 657
417 855
417 746
417 671
418 964
418 1795
418 1354
418 922
418 1502
419 1840
419 845
419 778
419 641
419 1406
420 1255
420 766
420 1215
420 906
420 1985
420 1494
421 467
421 1297
421 1117
422 664
422 522
422 1536
422 1220
422 469
423 621
423 612
423 456
423 1417
423 1709
424 1557
424 1246
424 807
424 443
425 1318
425 987
425 1718
425 921
425 623
426 533
426 1479
426 651
426 1746
427 1349
427 1668
427 1014
427 868
428 971
428 1376
428 682
428 1046
428 686
428 1136
429 959
429 580
429 1228
429 1659
429 1270
429 1776
430 1580
430 1068
430 1985
430 1333
430 1621
431 1991
431 844
431 692
431 1006
431 700
431 1481
432 448
432 647
432 543
432 822
433 1361
433 677
433 661
433 1869
434 552
434 1020
434 1423
434 932
434 1127
434 845
435 1312
435 1376
435 438
436 1860
436 692
436 1398
436 1218
436 1893
437 904
437 1949
437 760
437 1842
438 1243
438 836
438 931
439 841
439 866
439 1687
439 1547
440 649
440 554
440 1845
441 890
441 1688
441 1812
441 1667
441 1370
442 947
442 613
442 1071
442 871
442 1766
443 947
443 501
443 946
444 1942
444 785
444 1843
444 1072
444 602
444 1046
445 885
445 1240
445 454
445 1435
446 928
446 508
446 1900
446 544
446 1517
447 1952
447 791
447 1799
447 1181
448 736
448 963
449 1509
449 1047
449 1348
449 891
449 1501
449 1405
450 1374
450 1232
450 1895
450 628
450 1344
451 715
451 1915
451 917
451 628
451 1032
452 1586
452 1935
452 1432
452 1422
453 1254
453 1146
453 1880
453 1890
454 1580
454 708
454 817
454 1986
454 1487
455 1329
455 1402
455 978
455 1465
456 1749
456 785
456 786
456 672
457 959
457 1907
457 925
457 1687
457 531
458 460
458 1049
458 1067
458 626
458 1990
459 1101
459 484
459 1036
459 1593
460 971
460 520
460 1936
461 1408
461 939
461 1953
461 1142
461 1056
462 1696
462 649
462 1444
462 825
462 966
462 1824
463 1468
463 1368
463 1994
463 492
463 1080
464 926
464 750
464 1132
464 865
464 1593
464 745
465 1363
465 936
465 1752
466 1922
466 571
466 554
466 1992
467 1495
467 1809
467 1626
467 1763
468 1058
468 1492
468 1217
468 691
469 1809
469 1205
469 759
469 1350
469 1606
470 1316
470 1149
470 1864
470 1127
471 1638
471 1978
471 1455
471 1618
472 981
472 750
472 941
472 1306
472 1341
472 960
473 947
473 1395
473 1846
473 1928
473 942
474 635
474 1646
474 940
474 778
474 626
474 1375
475 1710
475 1832
475 901
475 797
475 1597
476 829
476 669
476 1406
476 1918
476 1540
476 1085
477 479
477 1398
477 656
477 691
477 592
478 527
478 1408
478 815
478 1993
478 1223
479 1213
479 1646
479 843
479 1643
479 709
480 548
480 1273
480 786
480 481
480 847
480 727
481 1296
481 828
481 878
481 1421
481 1467
482 1536
482 1147
482 525
482 1653
482 1497
483 1704
483 1260
483 1628
483 1025
484 1232
484 978
484 1526
485 1310
485 529
485 1238
485 988
485 1955
485 1477
486 1369
486 1638
486 860
486 1621
486 982
486 774
487 1927
487 562
487 1155
487 1631
488 1240
488 1916
488 1633
488 654
488 1106
489 755
489 852
489 1507
489 1457
489 733
489 1353
490 1104
490 1044
490 1553
491 1672
491 1207
491 721
491 607
491 1135
492 1077
492 1049
492 646
492 583
492 1356
493 1561
493 1480
493 1423
493 1847
493 1339
494 1632
494 1963
494 815
494 1285
494 1515
495 913
495 585
495 1678
495 1838
495 1467
496 1236
496 1982
496 602
496 1588
497 970
497 907
497 1708
497 1175
497 1907
498 877
498 1584
498 836
498 1106
498 1589
499 596
499 1970
499 617
499 1268
499 1698
500 1332
500 1620
500 667
500 1559
500 587
501 819
501 994
501 850
502 892
502 1107
502 507
502 1370
502 880
503 1863
503 729
503 760
503 861
503 1964
504 532
504 702
505 864
505 674
505 1134
505 612
505 1396
506 724
506 833
506 1175
506 1090
507 1349
507 1234
507 1999
508 1259
508 1527
508 1556
508 1045
508 938
509 920
509 1025
509 1742
509 1137
509 1886
509 1706
510 1806
510 1978
510 1488
511 1885
511 1690
511 1955
511 1133
512 1375
512 1189
512 869
512 858
512 1636
512 766
513 926
513 1657
513 706
513 1185
513 1552
514 780
514 1421
514 627
514 1040
514 817
515 764
515 833
515 540
515 1002
515 1741
516 541
516 1049
516 1803
516 1907
516 1808
517 1984
517 1446
517 589
517 1458
517 1631
518 1254
518 1182
518 1072
518 1648
519 763
519 575
519 1614
519 1191
519 1012
519 1490
520 1902
520 1224
520 1095
521 1956
521 526
521 1438
522 665
522 1678
522 556
523 1898
523 600
523 590
523 645
524 1877
524 1376
524 1262
524 1429
524 1966
525 1568
525 1759
525 1923
525 1854
526 824
526 859
526 1085
527 1539
527 1855
528 1635
528 1389
528 1805
528 1747
528 1266
528 617
529 811
529 1595
529 818
529 1282
530 899
530 1368
530 809
530 1344
530 1988
531 726
531 1742
531 1062
531 1579
532 580
532 645
532 746
532 1233
532 1344
533 629
533 1887
533 1791
533 1286
533 1291
534 535
534 1386
534 790
534 995
534 1194
534 1694
535 1446
535 1555
535 1736
536 1608
536 1871
536 576
536 1882
536 798
537 1775
537 722
537 1970
538 1461
538 1024
538 825
538 1517
538 1898
539 1635
539 870
539 1797
539 775
539 1923
539 1941
540 796
540 1443
540 688
540 1342
541 1371
541 1213
541 839
541 1796
541 571
542 724
542 1365
542 1109
542 1402
542 1982
542 1552
543 678
543 700
544 1957
544 1503
544 1807
544 658
545 1286
545 1592
545 1925
545 1968
545 570
545 1758
546 1119
546 1825
546 1118
546 1470
546 1424
547 692
547 1084
547 1021
547 1823
547 569
548 1321
548 786
548 840
548 559
549 857
549 1132
549 1617
549 681
550 1172
550 1730
550 1174
550 589
550 758
550 598
551 1172
551 1447
551 1305
551 930
551 1593
551 752
552 1292
552 1120
553 701
553 862
553 1024
553 1569
553 866
554 1876
554 1574
554 1609
554 1185
555 635
555 1630
555 1675
555 1881
555 1219
556 1749
556 716
556 1293
556 1937
556 1122
557 1723
557 1334
557 1886
557 1410
557 567
558 1601
558 1420
558 1597
558 1867
559 853
559 1411
559 1533
559 1570
560 796
560 1102
560 1464
560 953
560 1549
561 883
561 1100
561 729
561 1776
561 1478
562 964
562 695
562 1378
563 1092
563 1336
563 1910
563 1073
563 910
563 821
564 1384
564 645
564 1597
564 1251
565 1096
565 1747
565 1764
565 1355
565 1378
566 1242
566 1475
566 1139
566 1889
566 719
567 914
567 1426
567 930
567 1512
567 1624
568 904
568 728
568 1483
569 657
569 633
569 976
570 1701
570 1896
570 1021
571 1682
571 1754
571 1839
571 1512
572 615
572 1227
572 1293
572 1447
572 737
573 1386
573 1209
573 1712
573 908
574 1946
574 744
574 1964
574 679
575 1120
575 1610
576 1197
576 756
577 1668
577 1439
577 1348
577 1564
578 973
578 1923
578 1422
578 1403
578 656
578 1772
579 1498
579 1869
579 1319
579 1981
580 1566
580 1962
580 1396
581 609
581 685
581 1700
582 863
582 1331
582 1405
582 1037
583 993
583 772
583 1655
584 1316
584 1309
584 821
584 1659
584 1036
584 902
585 770
585 1691
585 1972
585 1641
585 1053
586 918
586 1014
587 1509
587 1629
587 654
587 1967
587 823
588 1835
588 1574
588 1482
588 898
589 1651
589 1934
589 1725
589 1618
590 1302
590 1126
590 1910
590 1773
591 1232
591 1212
591 1024
591 1036
592 1731
592 638
592 1411
592 1264
592 1230
593 684
593 1032
593 1515
593 1838
593 636
593 1122
594 1997
594 1668
594 1610
594 1437
594 1159
595 819
595 1830
595 1456
595 1199
595 899
596 1846
596 1148
596 1168
596 1142
597 1696
597 1241
597 1584
597 1106
598 1919
598 1418
598 634
598 1521
599 1413
599 1193
599 898
599 820
600 1576
600 2000
600 1247
600 1867
601 1461
602 1849
602 1955
602 1466
603 1789
604 1225
604 1762
604 1544
605 970
605 1426
605 1044
605 624
605 1119
606 707
606 643
606 754
606 662
606 1572
607 609
607 1421
607 963
607 1155
607 915
608 1318
608 1664
608 1565
608 934
608 814
608 1691
609 1957
609 628
609 630
610 918
610 987
610 1569
610 827
610 1218
611 1393
611 1557
611 1835
612 1319
612 1849
612 1791
613 1698
613 1831
613 1623
614 1011
614 1227
614 1653
614 1864
615 1028
615 1144
616 951
616 882
616 986
616 1898
617 1035
618 1216
618 747
618 1609
618 663
618 1377
619 781
619 907
619 665
619 1675
620 1173
620 1392
620 1319
620 1551
620 1712
620 891
621 1116
621 1378
621 1046
621 703
621 1548
622 1537
622 1846
622 1376
622 1075
622 1934
622 666
623 981
623 1781
623 1432
623 663
624 755
624 1643
624 745
625 890
625 1504
625 1685
625 862
625 1967
626 1384
626 1431
627 757
627 896
628 1912
628 1967
628 958
629 945
629 808
629 1054
629 1843
630 1470
630 761
630 788
630 952
630 1754
631 1971
631 1430
631 1708
631 1317
631 1574
632 1423
632 735
632 1251
633 635
633 1324
633 876
634 768
634 1308
634 1647
634 1477
635 1580
635 843
635 1463
636 1481
636 1359
636 1999
636 1429
637 1048
637 807
637 1050
637 1191
638 1750
638 1121
638 1109
638 1262
639 864
639 847
639 1330
639 1912
640 1066
640 1064
640 1415
640 1510
641 1498
641 961
641 1808
641 1114
642 1715
642 1496
642 771
643 1209
643 1452
643 1160
643 1301
644 1624
644 1391
645 1602
645 1643
646 1178
646 1585
646 1793
646 1451
646 702
647 1705
647 1873
647 1933
647 846
648 1337
648 677
648 1357
648 921
648 1405
648 1564
649 1464
649 669
650 904
650 1949
650 1863
650 1292
650 840
651 1470
651 1297
651 1962
651 1089
652 701
652 1308
652 936
652 1521
652 1911
652 1136
653 1801
653 1773
653 895
653 985
653 1459
653 958
654 798
654 1485
654 706
654 818
655 1642
655 817
655 694
656 1225
657 1513
657 1063
657 1851
658 1454
658 1098
658 723
658 1825
659 670
659 1747
659 937
659 1306
659 1155
659 1656
660 1376
660 1555
660 663
660 1561
661 1523
661 1524
661 756
661 1192
661 1773
662 1374
662 1716
662 1962
662 1552
662 1598
663 1550
663 1783
663 824
664 887
664 1190
664 1650
664 1013
665 892
665 1617
665 1976
666 1608
666 1684
666 1268
666 1469
666 1377
667 770
667 1594
667 1330
668 1821
668 1822
668 1636
668 1989
668 1748
668 1306
669 914
669 1675
669 1460
669 1786
670 1879
670 1521
670 1731
671 1939
671 1924
671 1139
672 1316
672 1102
672 1018
672 1934
672 1170
673 1321
673 1145
673 940
673 1695
673 1766
674 1443
674 1197
674 1022
674 1450
675 1409
675 1303
675 985
675 1283
676 1183
676 1601
676 1331
676 1206
676 1828
676 1133
677 1952
677 1060
677 1195
678 1393
678 1949
678 699
678 1895
679 1390
679 1486
679 1249
679 737
679 1887
680 1176
680 728
680 1788
680 1713
681 1959
681 1395
681 709
681 1752
682 1057
682 1663
682 1543
682 1208
683 1794
683 1893
683 1345
683 1936
683 1469
683 1492
684 765
684 1154
684 1448
684 1510
684 807
685 920
685 1107
685 1239
686 1399
686 1822
687 1484
687 1546
687 1152
687 1534
688 1178
688 1054
688 1513
689 1198
689 1383
689 1214
689 940
690 996
690 1004
690 1031
690 1243
690 1476
691 1796
691 1583
691 1383
691 1142
693 716
693 1191
693 1222
693 747
694 1501
694 1068
694 1120
694 1578
695 1129
695 773
695 772
696 1445
696 807
696 859
696 1706
697 1474
697 807
697 1435
698 1246
698 1777
698 878
698 1270
698 980
699 829
699 810
699 1680
699 1059
700 1536
700 968
700 916
701 890
701 1049
701 1693
702 1110
702 1953
702 1455
702 1815
703 1571
703 1861
704 1696
704 1719
704 1661
704 1046
704 1469
704 1883
705 1229
705 901
705 1565
705 1355
705 921
705 1677
706 992
706 1982
707 719
707 1921
707 1419
707 1892
707 1490
708 1173
708 722
708 1977
708 1735
708 1826
709 1393
709 1977
709 1028
710 1917
710 1737
710 748
710 1845
711 1811
711 1088
711 1469
712 967
712 1020
712 1398
712 1341
712 1165
713 1173
713 1593
713 1636
713 1218
714 1369
714 806
714 1878
714 1168
715 1496
715 1616
715 817
715 1259
716 1795
716 1598
717 1791
717 1624
717 1126
718 1093
718 744
718 1968
718 1958
718 1598
719 785
719 1080
720 734
720 1820
720 747
720 1407
720 1274
720 931
721 1817
721 1906
721 1697
721 989
722 1306
722 957
723 1446
723 1035
723 972
724 1439
724 1664
724 1769
724 1100
725 1698
725 1138
725 1555
725 1336
725 1039
726 883
726 1844
726 1016
726 924
726 1150
727 1382
727 828
727 1823
727 1639
727 1930
728 1855
728 1894
728 1824
729 1659
729 1162
729 1006
730 1434
730 1415
730 745
730 1453
730 1751
731 1922
731 1496
731 1258
732 1885
732 1875
732 865
732 1044
732 1948
733 1919
733 1874
733 963
733 1792
734 1250
734 885
734 1290
734 1074
735 1310
735 928
735 850
736 1003
736 1937
736 826
736 1886
737 913
737 1032
738 816
738 852
738 774
738 1268
738 1346
739 1537
739 1718
739 1610
739 1658
740 1430
740 1920
740 1378
740 1223
740 1037
741 1796
741 1629
741 1053
741 1517
741 1746
741 1565
742 1669
742 1583
742 1109
742 1075
742 1488
742 1015
743 772
743 1609
743 930
743 1048
743 1038
743 1852
744 1419
744 1654
744 1920
745 1809
745 1734
745 1221
746 1076
746 1975
746 896
747 1822
747 1912
747 783
748 1929
748 1547
748 962
748 1621
748 1845
749 1318
749 1833
749 786
750 1143
750 1703
750 1184
750 1295
751 1791
751 1026
751 1330
751 934
752 1332
753 832
753 1569
753 831
753 771
754 1337
754 1236
755 1093
755 1610
755 1795
755 1280
756 1179
756 1440
756 1724
757 1971
757 1736
757 1078
757 1440
757 1718
758 1510
758 1644
758 810
759 927
759 1694
759 1521
759 1410
760 978
760 1268
760 1526
761 945
761 1340
761 865
761 1190
762 1066
762 887
762 1319
762 1480
762 1358
762 1870
763 954
763 1838
763 1179
764 1225
764 983
764 1311
765 1482
765 879
766 845
766 1497
766 1726
767 851
767 1743
767 1124
767 1067
767 1522
768 1505
768 1999
768 946
768 1436
768 806
769 1715
769 1775
769 1354
769 895
769 1967
770 1052
770 989
770 1856
771 1708
771 1106
772 1418
772 1220
772 1793
773 1143
773 1751
773 923
773 1342
773 1785
774 1369
774 1786
774 1447
774 1177
775 1294
775 1962
775 922
776 1143
776 1708
776 1353
776 1901
776 1807
777 1796
777 1704
777 1875
777 1315
777 1317
778 1703
778 1911
779 1944
779 1103
780 1229
780 1759
780 1031
781 1296
781 1460
781 1819
781 926
782 954
782 1307
782 1174
782 1748
783 1819
783 1765
783 1948
783 1014
783 1649
784 1877
784 1839
784 1768
784 1831
784 1094
785 812
785 891
785 1314
786 1637
787 1630
787 1477
788 1581
788 1433
788 1456
788 838
788 935
789 1278
789 1986
789 1556
790 1430
790 1123
790 1538
791 1428
791 897
791 1269
791 1472
791 1423
792 1128
792 824
792 1480
792 1014
792 808
793 835
793 889
793 1167
794 1519
794 1486
794 1639
794 1186
795 1401
795 1541
795 1861
795 1598
796 1601
796 1304
796 1301
797 1178
797 1276
797 1553
798 1551
798 1649
798 1289
798 1480
799 1669
799 805
799 1182
799 1987
799 957
800 1821
800 1587
800 1700
800 1102
800 1469
800 1485
801 1206
801 1482
801 1019
802 1178
802 1809
802 1797
802 1530
802 1807
802 1736
803 816
803 841
803 1506
803 1649
803 1800
804 1600
804 1967
804 1165
804 1335
805 1919
805 1189
805 1685
805 1983
805 1782
806 1331
806 1516
806 1739
807 1090
808 1293
808 1640
808 1727
809 1381
809 821
809 1650
809 1114
809 1452
810 1882
810 1842
811 999
811 1851
811 916
811 911
812 1082
812 889
812 1062
812 1109
812 880
813 1858
813 1463
813 1401
813 825
813 990
813 1100
814 1351
814 1359
815 1321
815 1227
815 1328
815 962
816 1733
816 1300
817 1496
819 1602
819 1103
819 1567
820 1594
820 1415
820 1251
820 1854
821 1995
821 1953
822 1536
822 854
822 1241
822 1862
822 1622
823 977
823 1863
823 1034
824 904
825 1690
825 944
825 1871
826 1774
826 1260
826 1230
826 960
827 1213
827 828
827 839
827 922
827 1721
828 997
828 987
828 1745
829 1955
829 1113
829 833
829 1897
830 1749
830 1558
830 1209
830 1841
830 1754
830 1802
831 835
831 1667
831 834
831 876
831 1053
832 955
832 962
832 957
833 1437
833 1711
833 1888
834 1885
834 1765
834 1249
834 1874
835 1053
835 969
835 1349
835 1790
836 1120
836 1670
836 1252
837 1109
837 1075
837 1100
838 1575
838 1320
838 969
839 1935
839 1887
839 1951
840 1392
840 1493
840 862
840 1177
841 1248
841 1854
842 1495
842 857
842 1231
842 1834
842 1136
842 1238
843 1084
843 1249
843 925
844 1255
844 950
844 1338
845 1211
845 1648
846 1454
846 1866
846 1199
847 1380
847 1926
847 884
848 1921
848 1400
848 1520
848 897
848 1416
849 1921
849 1568
849 1031
849 1403
849 1113
850 1364
850 1426
850 1739
851 1632
851 1849
851 1265
851 1802
852 996
852 1539
852 1995
852 1917
853 1877
853 859
853 935
853 895
854 1399
854 1041
854 1240
854 923
854 1515
855 1391
855 1489
855 863
855 1631
855 1732
856 1164
856 1927
856 1147
856 1682
856 1691
856 1941
857 1032
857 1777
858 1542
858 894
859 1286
859 1464
859 992
860 903
860 1466
860 968
861 1323
861 937
861 1963
861 1133
862 1216
862 1418
862 1508
863 967
863 1676
863 1534
864 1942
864 1037
865 1991
865 1438
865 867
866 1649
867 1501
867 1408
867 1432
867 1361
867 1687
868 883
868 917
868 932
868 1030
869 1833
869 1362
869 1290
869 1192
869 1180
870 925
870 1805
870 1661
871 999
871 972
871 1404
872 1091
872 1203
872 1138
872 1517
873 1310
873 1420
873 1300
873 949
873 1709
874 997
874 1601
874 942
874 1013
874 1199
874 1673
875 954
875 1718
875 1347
875 1540
876 1265
876 1497
876 1289
877 1409
877 1256
877 1019
877 1833
878 1652
878 1120
878 888
879 1943
879 1437
879 1135
879 1460
880 896
880 1198
880 1460
881 1810
881 1716
881 1219
881 916
881 1836
882 1692
882 1830
882 1590
882 1306
883 1389
883 919
884 995
884 1339
884 1996
884 1965
884 1516
885 1641
885 1595
886 1720
886 1125
886 1551
886 938
886 1452
887 1199
887 927
887 1906
888 1743
888 1205
888 1764
888 1239
889 976
889 1736
889 899
890 1400
890 1193
890 1020
891 1683
891 1396
891 1313
892 1926
892 1827
893 1888
893 1234
893 1206
893 1530
893 1987
894 995
894 1042
894 1533
894 1559
895 919
895 1191
896 1679
896 1246
896 1154
897 1345
897 1002
897 1974
898 989
899 1958
899 1062
900 1077
900 1023
900 1555
900 1183
901 951
901 1503
901 1110
901 1741
902 1681
902 1124
902 1578
903 1164
903 987
903 1280
904 1248
904 1516
905 1275
905 1297
905 1531
906 973
906 1935
906 1202
906 1807
906 1366
907 1942
907 1742
908 1710
908 1483
908 1782
909 1557
909 952
909 1458
909 1829
909 1446
909 1425
910 1573
911 1340
911 1193
911 956
912 1812
912 1943
912 1043
912 1295
912 1878
913 1722
913 1884
914 1077
914 1589
914 1680
914 1837
915 1216
915 1179
915 1799
915 1013
915 1614
916 1872
916 1341
916 1466
917 1585
917 1415
917 1740
917 1218
918 1784
918 1929
918 1547
918 1699
919 1894
919 1484
919 1626
919 1816
920 1744
920 1070
921 1453
921 1730
921 1257
922 1652
922 1345
923 1272
923 1938
923 1521
924 1805
924 1005
924 1037
925 1637
925 1348
926 1322
926 1059
927 1050
928 1596
928 1158
928 1637
928 1757
929 1468
929 1039
929 1113
929 1570
930 1094
931 1834
931 1680
932 1760
932 1370
932 1613
933 1161
933 1697
933 948
933 1088
934 1608
934 1562
934 1832
935 1413
935 1016
935 1617
935 1522
936 1755
936 1112
937 1886
937 1186
937 1198
938 1368
938 1591
938 1762
939 1608
939 1759
939 1056
939 1549
940 1866
940 1924
941 1230
941 1253
941 1222
942 1698
942 1924
942 1024
942 1041
943 1696
943 1471
943 961
943 1224
943 949
944 1594
944 1545
944 1612
945 1873
945 1745
945 1451
945 1085
946 1704
946 1904
946 1103
946 1815
947 1245
948 1532
948 1910
949 1351
949 1182
949 1613
950 1611
950 1146
950 1422
950 1350
950 1373
951 1252
951 1760
952 1161
952 1223
952 1560
953 1058
953 1038
953 1634
953 1503
953 1167
954 1670
954 1200
954 1603
955 1890
955 1859
955 1031
956 1144
956 1603
956 1482
956 1447
957 1997
957 1153
957 1184
958 1079
958 1751
958 1258
958 1266
959 1830
959 1099
959 1137
959 1406
960 1297
961 1098
961 1543
961 1673
962 1755
962 1481
962 1862
963 1692
963 1931
964 1283
964 1254
964 1738
965 1382
965 1632
965 1150
965 1746
965 1140
966 1337
966 1225
967 1299
967 1558
967 1826
967 1408
968 1744
968 1131
968 1342
969 1939
969 1506
969 1046
969 1768
970 1783
971 1161
971 1779
971 1862
972 1144
972 1300
972 1951
972 1140
973 1960
973 1241
974 1097
974 1045
974 1190
974 1775
974 1242
975 1419
975 1989
975 1222
975 1606
976 1302
976 1692
976 1440
977 1318
977 1650
978 1645
978 1414
979 1384
979 1668
979 1432
979 1062
979 1090
980 1250
980 1865
980 1567
980 1980
981 1998
981 1590
981 1727
982 1532
982 1201
982 1753
982 989
983 1267
983 1717
983 1951
983 1159
984 1413
984 1657
984 1738
984 1917
984 1336
984 1412
985 1587
985 1045
985 1456
985 1180
986 1635
986 1558
986 1527
986 1354
987 1811
987 1785
988 1735
988 1203
988 1186
988 1740
989 1273
989 1175
990 1058
990 1033
990 1634
990 1198
991 1397
991 1091
991 1734
991 1403
992 1294
992 1272
993 1385
993 1527
994 1098
994 1188
995 1366
996 1527
996 1209
997 1374
997 1798
997 1140
998 1877
998 1970
999 1358
999 1044
1000 1679
1000 1549
1001 1728
1001 1516
1001 1237
1001 1457
1002 1998
1002 1079
1002 1190
1002 1168
1003 1919
1003 1863
1003 1624
1004 1952
1004 1818
1005 1950
1005 1308
1005 1225
1005 1301
1005 1434
1006 1401
1006 1660
1006 1589
1007 1583
1007 1519
1007 1336
1007 1614
1008 1814
1008 1249
1008 1582
1008 1274
1008 1954
1009 1596
1009 1894
1009 1540
1009 1335
1009 1324
1010 1473
1010 1479
1010 1579
1010 1226
1011 1474
1011 1572
1011 1711
1012 1204
1012 1968
1013 1187
1014 1097
1015 1844
1015 1624
1016 1263
1016 1846
1016 1396
1017 1454
1017 1128
1017 1061
1017 1752
1017 1377
1018 1265
1018 1214
1018 1414
1018 1206
1019 1450
1019 1373
1020 1623
1020 1026
1021 1689
1021 1671
1021 1945
1022 1149
1022 1852
1022 1938
1023 1330
1023 1128
1023 1198
1024 1973
1024 1148
1025 1913
1025 1989
1026 1828
1026 1829
1027 1101
1027 1928
1027 1787
1027 1215
1028 1433
1028 1906
1028 1459
1028 1812
1029 1374
1029 1136
1029 1914
1029 1467
1029 1880
1030 1128
1030 1607
1030 1931
1030 1375
1031 1493
1032 1612
1032 1549
1033 1223
1033 1544
1034 1646
1034 1203
1034 1288
1035 1390
1035 1556
1035 1823
1036 1686
1036 1707
1036 1195
1038 1257
1038 1062
1038 1483
1039 1413
1040 1557
1040 1097
1040 1519
1040 1779
1040 1839
1041 1694
1041 1414
1042 1051
1042 1657
1042 1226
1042 1850
1043 1212
1043 1682
1043 1323
1043 1338
1044 1884
1045 1354
1046 1400
1047 1483
1047 1700
1047 1412
1048 1499
1048 1992
1048 1863
1048 1203
1049 1750
1049 1804
1050 1532
1050 1841
1050 1282
1051 1308
1051 1615
1051 1807
1051 1566
1052 1679
1052 1732
1052 1931
1052 1458
1053 1502
1054 1524
1054 1304
1054 1853
1055 1265
1055 1401
1055 1905
1055 1507
1056 1715
1056 1612
1057 1129
1057 1205
1057 1721
1057 1820
1058 1596
1058 1997
1058 1701
1059 1234
1059 1832
1060 1990
1060 1162
1060 1491
1061 1389
1061 1972
1061 1477
1062 1367
1063 1147
1064 1801
1064 1776
1064 1975
1065 1087
1065 1912
1065 1119
1065 1167
1066 1086
1066 1552
1066 1562
1066 1822
1067 1731
1067 1274
1068 1627
1068 1663
1068 1139
1069 1518
1069 1419
1069 1082
1069 1236
1069 1650
1069 1931
1070 1603
1070 1163
1070 1548
1070 1824
1071 1369
1071 1734
1071 1135
1071 1688
1072 1870
1072 1140
1073 1256
1073 1631
1074 1944
1074 1789
1074 1383
1075 1723
1076 1325
1076 1891
1076 1475
1076 1081
1076 1884
1077 1611
1077 1668
1078 1913
1078 1634
1078 1366
1078 1628
1079 1888
1079 1994
1080 1173
1080 1339
1080 1462
1080 1828
1081 1991
1081 1567
1081 1724
1081 1106
1081 1373
1082 1592
1082 1131
1082 1697
1083 1876
1083 1750
1083 1202
1083 1729
1084 1468
1084 1888
1084 1105
1084 1371
1085 1587
1085 1802
1086 1817
1086 1851
1086 1841
1086 1782
1086 1837
1087 1785
1087 1427
1087 1581
1088 1242
1088 1849
1088 1905
1089 1427
1089 1571
1089 1169
1090 1744
1090 1632
1090 1208
1091 1475
1091 1174
1091 1900
1092 1489
1092 1543
1093 1471
1093 1223
1093 1969
1094 1594
1094 1258
1094 1793
1095 1500
1095 1520
1095 1215
1095 1836
1096 1505
1096 1848
1096 1870
1096 1148
1097 1275
1098 1669
1099 1707
1099 1590
1099 1623
1099 1758
1100 1714
1101 1756
1101 1414
1102 1773
1103 1646
1103 1184
1103 1540
1104 1213
1104 1724
1104 1595
1104 1298
1104 1563
1105 1499
1105 1317
1106 1906
1107 1286
1107 1547
1108 1903
1110 1452
1111 1183
1111 1331
1111 1472
1111 1243
1111 1552
1112 1365
1112 1375
1112 1538
1112 1491
1113 1615
1113 1926
1114 1775
1114 1398
1115 1663
1115 1224
1115 1417
1116 1145
1116 1262
1116 1344
1116 1341
1117 1600
1117 1735
1117 1943
1117 1247
1117 1772
1118 1189
1118 1677
1118 1738
1119 1156
1121 1307
1121 1410
1121 1159
1121 1648
1122 1568
1122 1177
1123 1903
1123 1294
1123 1713
1123 1241
1124 1922
1124 1714
1124 1597
1124 1323
1125 1173
1125 1241
1125 1538
1125 1694
1126 1705
1126 1759
1126 1464
1126 1852
1127 1942
1127 1642
1128 1591
1129 1307
1129 1342
1129 1761
1130 1984
1130 1449
1130 1355
1131 1372
1131 1915
1132 1868
1132 1443
1132 1864
1132 1525
1133 1665
1134 1988
1134 1247
1134 1407
1135 1783
1135 1202
1135 1970
1136 1640
1136 1725
1137 1389
1137 1953
1137 1139
1137 1670
1138 1991
1138 1789
1138 1358
1138 1291
1139 1548
1140 1464
1141 1326
1141 1165
1141 1503
1141 1908
1142 1858
1142 1500
1143 1971
1143 1503
1144 1655
1144 1446
1144 1980
1145 1705
1145 1859
1145 1279
1146 1899
1146 1841
1146 1839
1147 1282
1147 1900
1148 1496
1148 1812
1149 1756
1149 1912
1150 1984
1150 1683
1150 1787
1151 1181
1151 1644
1151 1590
1151 1778
1151 1434
1152 1457
1152 1281
1153 1950
1153 1192
1153 1221
1153 1373
1154 1603
1154 1831
1154 1633
1154 1239
1155 1711
1155 1812
1155 1526
1156 1172
1156 1775
1156 1968
1156 1245
1156 1275
1157 1676
1157 1741
1157 1769
1158 1868
1158 1916
1158 1571
1159 1181
1159 1311
1160 1743
1160 1478
1161 1288
1161 1607
1162 1181
1162 1632
1162 1579
1163 1804
1163 1280
1163 1560
1164 1167
1164 1662
1164 1979
1164 1978
1165 1189
1165 1751
1165 1974
1166 1445
1166 1555
1166 1790
1166 1727
1167 1633
1168 1256
1169 1558
1169 1854
1170 1511
1170 1756
1170 1729
1170 1333
1171 1759
1171 1445
1171 1323
1172 1714
1174 1937
1174 1614
1175 1399
1175 1686
1175 1192
1176 1949
1176 1678
1176 1770
1176 1612
1177 1542
1177 1343
1178 1321
1178 1410
1179 1674
1179 1628
1180 1702
1180 1923
1180 1223
1181 1432
1182 1921
1182 1543
1182 2000
1183 1913
1183 1494
1183 1564
1184 1599
1184 1902
1185 1908
1186 1811
1186 1212
1186 1693
1187 1242
1187 1973
1187 1696
1187 1925
1188 1227
1188 1988
1188 1784
1189 1640
1189 1424
1190 1847
1191 1685
1192 1907
1193 1728
1193 1211
1194 1861
1194 1825
1194 1732
1195 1701
1195 1559
1195 1983
1196 1733
1196 1463
1196 1385
1196 1753
1196 1985
1197 1574
1197 1221
1197 1770
1198 1976
1199 1796
1199 1655
1200 1430
1200 1404
1200 1640
1200 1482
1201 1619
1201 1765
1201 1298
1201 1987
1201 1277
1202 1588
1202 1829
1203 1946
1204 1518
1204 1337
1205 1780
1205 1694
1205 1244
1206 1865
1206 1757
1207 1860
1208 1743
1209 1737
1210 1744
1210 1717
1210 1335
1210 1379
1210 1623
1211 1952
1211 1351
1211 1553
1211 1643
1212 1813
1212 1343
1213 1341
1213 1258
1214 1965
1215 1702
1215 1714
1216 1604
1216 1777
1217 1566
1217 1939
1217 1612
1218 1441
1218 1900
1219 1576
1219 1893
1219 1252
1220 1462
1220 1572
1220 1726
1221 1672
1222 1313
1222 1892
1226 1284
1226 1880
1228 1316
1228 1865
1228 1455
1229 1313
1229 1533
1229 1334
1230 1528
1230 1976
1231 1903
1231 1414
1231 1293
1231 1986
1232 1731
1232 1243
1233 1396
1234 1260
1234 1417
1235 1263
1235 1397
1235 1298
1235 1277
1235 1545
1236 1290
1237 1811
1237 1657
1237 1473
1237 1502
1237 1980
1238 1364
1238 1786
1238 1729
1238 1304
1239 1575
1239 1571
1240 1722
1241 1803
1242 1881
1243 1489
1243 1525
1244 1580
1244 1791
1244 1245
1244 1421
1245 1995
1245 1524
1245 1343
1246 1325
1246 1622
1246 1866
1247 1973
1247 1317
1248 1911
1248 1488
1248 1487
1249 1669
1249 1260
1250 1673
1250 1906
1250 1309
1251 1774
1251 1303
1251 1451
1252 1646
1252 1450
1253 1532
1253 1512
1253 1291
1253 1589
1254 1757
1254 1542
1255 1986
1255 1613
1255 1388
1256 1513
1256 1573
1256 1289
1257 1600
1257 1420
1257 1758
1257 1992
1258 1303
1258 1968
1259 1983
1259 1285
1260 1578
1261 1427
1261 1529
1261 1943
1261 1431
1261 1658
1261 1915
1262 1566
1262 1773
1262 1732
1263 1267
1263 1520
1263 1797
1263 1937
1264 1765
1264 1489
1264 1976
1265 1433
1265 1890
1266 1352
1266 1995
1267 1768
1267 1784
1269 1384
1269 1573
1269 1467
1270 1859
1271 1308
1271 1843
1271 1726
1271 1955
1272 1627
1272 1381
1272 1572
1272 1815
1273 1794
1273 1506
1273 1626
1273 1521
1274 1537
1274 1407
1274 1992
1275 1381
1275 1284
1276 1679
1276 1419
1276 1770
1276 1798
1276 1838
1277 1363
1277 1836
1278 1893
1278 1992
1278 1459
1278 1439
1279 1522
1279 1375
1280 1630
1280 1535
1280 1545
1281 1702
1281 1301
1281 1782
1282 1766
1283 1425
1283 1880
1283 1914
1284 1821
1284 1476
1285 1805
1286 1343
1287 1386
1287 1936
1287 1543
1288 1586
1288 1604
1288 1561
1289 1905
1290 1441
1290 1785
1291 1554
1292 1795
1292 1406
1293 1689
1293 1691
1294 1369
1294 1792
1295 1615
1295 1502
1295 1767
1296 1816
1296 1559
1296 1338
1296 1647
1297 1704
1298 1676
1299 1801
1299 1676
1299 1524
1301 1703
1301 1625
1302 1504
1303 1387
1303 1463
1303 1429
1304 1383
1305 1996
1305 1972
1305 1546
1306 1820
1307 1783
1307 1816
1308 1372
1309 1467
1309 1840
1309 1969
1309 1546
1310 1648
1311 1567
1311 1678
1311 1377
1312 1872
1312 1848
1312 1458
1312 1914
1313 1803
1313 1737
1314 1577
1315 1348
1316 1587
1318 1582
1319 1577
1319 1891
1320 1364
1320 1960
1322 1745
1322 1960
1323 1888
1323 1388
1324 1831
1324 1914
1324 1474
1325 1645
1326 1905
1326 1846
1326 1350
1326 1713
1326 1360
1327 1339
1327 1556
1327 1533
1328 1879
1329 1999
1329 1658
1329 1897
1330 1964
1331 1514
1331 1573
1332 1963
1332 1487
1333 1581
1333 1664
1333 1937
1333 1593
1334 1878
1334 1516
1334 1568
1335 1694
1335 1722
1335 1473
1336 1787
1336 1826
1337 1754
1338 1928
1338 1472
1338 1379
1339 1545
1339 1645
1340 1553
1340 1783
1340 1484
1341 1809
1342 1372
1342 1639
1346 1917
1346 1656
1347 1608
1347 1391
1347 1604
1348 1407
1350 1391
1351 1511
1351 1439
1351 1636
1352 1834
1353 1665
1353 1856
1354 1581
1354 1713
1355 1927
1355 1643
1356 1390
1356 1690
1356 1973
1356 1556
1357 1509
1357 1497
1358 1433
1359 1921
1359 1869
1360 1605
1360 1411
1360 1770
1360 1706
1361 1651
1361 1699
1361 1458
1361 1900
1362 1532
1362 1777
1362 1527
1363 1580
1363 1979
1363 1561
1363 1740
1364 1894
1365 1929
1365 1655
1366 1719
1366 1964
1367 1387
1367 1539
1367 1425
1367 1548
1368 1664
1369 1541
1370 1531
1371 1760
1372 1733
1372 1808
1372 1748
1374 1554
1375 1833
1376 1449
1377 1749
1377 1956
1378 1660
1379 1810
1379 1745
1379 1838
1380 1470
1380 1423
1380 1494
1381 1862
1382 1947
1382 1709
1384 1650
1384 1690
1385 1950
1385 1988
1385 1905
1385 1947
1386 1720
1387 1972
1387 1550
1388 1843
1388 1582
1390 1930
1390 1918
1390 1682
1391 1673
1392 1647
1393 1484
1393 1553
1394 1781
1394 1988
1394 1945
1394 1792
1395 1885
1395 1779
1395 1981
1397 1520
1397 1489
1397 1578
1399 1836
1399 1537
1400 1479
1401 1575
1401 1865
1402 1858
1402 1515
1402 1455
1403 1889
1403 1882
1404 1507
1405 1869
1405 1512
1406 1750
1407 1427
1407 1685
1408 1953
1409 2000
1410 1850
1411 1957
1411 1443
1411 1724
1412 1701
1412 1662
1412 1871
1413 1454
1413 1717
1414 1466
1415 1642
1415 1699
1416 1835
1416 1529
1416 1895
1416 1800
1417 1980
1418 1761
1419 1607
1420 1946
1421 1536
1421 1480
1422 1442
1424 1851
1425 1519
1426 1958
1426 1737
1427 1457
1427 1606
1428 1627
1428 1851
1428 1478
1428 1940
1429 1821
1429 1827
1429 1709
1430 1559
1431 1774
1431 1884
1432 1847
1433 1514
1433 1818
1434 1827
1434 1857
1435 1576
1435 1444
1436 1929
1436 1935
1436 1717
1436 1732
1437 1635
1437 1908
1438 1783
1438 1554
1438 1787
1439 1873
1439 1988
1440 1944
1440 1709
1441 1651
1441 1861
1441 1789
1442 1592
1443 1611
1444 1731
1444 1728
1444 1717
1445 1822
1445 1889
1447 1901
1448 1525
1448 1691
1448 1452
1449 1468
1449 1977
1449 1626
1450 1984
1450 1813
1452 1975
1453 1621
1454 1990
1454 1712
1455 1998
1455 1542
1456 1600
1456 1986
1457 1871
1458 1645
1459 1605
1459 1799
1459 1460
1461 1629
1462 1581
1462 1623
1462 1546
1463 1930
1463 1793
1465 1495
1465 1637
1465 1569
1465 1842
1466 1652
1468 1971
1468 1472
1471 1901
1471 1761
1471 1802
1472 1565
1473 1827
1473 1721
1475 1738
1476 1720
1476 1756
1478 1656
1479 1680
1479 1980
1481 1896
1482 1630
1483 1619
1483 1896
1484 1772
1485 1575
1485 1541
1485 1867
1485 1508
1486 1733
1486 1771
1486 1844
1487 1961
1487 1670
1488 1819
1488 1768
1488 1616
1490 1563
1490 1989
1491 1577
1491 1788
1491 1515
1492 1668
1492 1570
1493 1945
1494 1916
1494 1934
1494 1909
1495 1923
1496 1993
1497 1682
1498 1596
1498 1676
1498 1883
1498 1662
1500 1817
1501 1953
1501 1523
1502 1990
1503 1851
1504 1841
1504 1525
1504 1871
1505 1514
1505 1675
1505 1643
1506 1778
1507 1997
1507 1544
1508 1686
1508 1538
1509 1677
1509 1801
1509 1743
1510 1761
1511 1637
1511 1746
1513 1755
1514 1911
1516 1856
1517 1887
1518 1574
1518 1883
1518 1788
1520 1824
1522 1778
1523 1805
1523 1954
1523 1735
1524 1848
1525 1842
1527 1802
1528 1941
1528 1535
1529 1876
1529 1993
1529 1719
1530 1831
1530 1961
1531 1629
1531 1910
1532 1803
1533 1911
1533 1697
1534 1577
1535 1699
1535 1612
1536 1591
1537 1617
1538 1733
1538 1943
1540 1675
1541 1933
1544 1806
1546 1814
1546 1758
1547 1626
1549 1957
1550 1787
1550 1920
1551 1868
1552 1567
1553 1890
1554 1568
1556 1858
1557 1993
1560 1944
1561 1641
1562 1736
1562 1565
1562 1753
1563 1613
1564 1899
1564 1776
1565 1984
1566 1815
1566 1962
1569 1755
1570 1580
1570 1844
1571 1609
1573 1794
1573 1856
1574 1752
1575 1631
1575 1728
1576 1644
1577 1891
1578 1979
1579 1711
1582 1834
1582 1954
1582 1753
1583 1921
1583 1892
1584 1636
1584 1687
1585 1635
1585 1634
1585 1681
1586 1729
1586 1790
1588 1763
1589 1656
1591 1994
1591 1678
1591 1853
1592 1704
1594 1932
1596 1649
1597 1672
1597 1747
1598 1770
1599 1902
1599 1786
1600 1623
1601 1902
1602 1829
1602 1712
1603 1910
1604 1674
1604 1955
1605 1652
1606 1817
1606 1969
1607 1700
1609 1754
1609 1969
1610 1981
1611 1899
1613 1663
1613 1800
1614 1669
1614 1777
1615 1658
1616 1915
1617 1899
1617 1982
1618 1705
1619 1627
1619 1981
1620 1950
1620 1728
1620 1724
1620 1880
1622 1964
1624 1724
1625 1869
1625 1727
1626 1918
1627 1889
1628 1786
1631 1923
1633 1803
1634 1933
1635 1651
1638 1794
1638 1671
1638 1970
1638 1816
1639 1959
1640 1922
1640 1797
1641 1997
1641 1972
1642 1807
1644 1895
1645 1873
1646 1946
1647 1677
1648 1996
1649 1882
1650 1907
1651 1817
1652 1765
1653 1808
1653 1918
1654 1877
1654 1719
1654 1854
1654 1993
1655 1779
1656 1662
1656 1958
1657 1959
1657 1800
1658 1689
1660 1680
1661 1926
1662 1915
1664 1927
1664 1769
1665 1901
1665 1772
1666 1821
1666 1893
1666 1856
1669 1966
1670 1818
1671 1710
1671 1684
1672 1974
1673 1874
1673 1732
1674 1919
1674 1748
1674 1785
1674 1839
1676 1951
1678 1892
1679 1739
1680 1925
1681 2000
1682 1879
1683 1801
1683 1763
1684 1720
1684 1827
1684 1908
1686 1710
1687 1873
1688 1919
1688 1974
1690 1706
1692 1715
1692 1780
1692 1770
1693 1840
1693 1933
1695 1897
1695 1849
1696 1774
1697 1950
1698 1861
1699 1893
1700 1701
1700 1850
1702 1793
1703 1835
1703 1870
1706 1868
1706 1924
1707 1899
1708 1950
1711 1713
1712 1742
1713 1979
1714 1883
1715 1725
1716 1822
1716 1902
1716 1837
1718 1813
1719 1903
1720 1989
1721 1894
1721 1896
1721 1766
1722 1966
1726 1830
1726 1839
1727 1913
1730 1781
1730 1887
1731 1771
1737 1804
1738 1874
1741 1991
1741 1747
1744 1874
1744 1750
1748 1855
1749 1951
1751 1791
1753 1830
1756 1762
1756 1973
1757 1776
1758 1866
1759 1979
1760 1940
1762 1942
1762 1965
1763 1884
1766 1771
1767 1903
1767 1790
1767 1986
1769 1792
1771 1996
1773 1867
1774 1886
1774 1813
1775 1965
1778 1814
1778 1846
1779 1972
1782 2000
1784 1958
1784 1873
1788 1932
1788 1948
1789 1942
1790 1901
1795 1976
1796 1940
1797 1857
1798 1979
1799 1902
1800 1997
1800 1832
1806 1984
1806 1841
1808 1911
1809 1825
1811 1844
1813 1882
1816 1891
1820 1827
1828 1850
1829 1914
1836 1897
1837 1909
1840 1961
1842 1868
1844 1926
1847 1947
1847 1951
1848 1916
1852 1987
1853 1890
1855 1944
1857 1946
1857 1898
1857 1917
1858 1876
1858 1928
1859 1925
1859 1960
1860 1896
1861 1892
1864 1899
1870 1933
1872 1914
1874 1894
1875 1901
1877 1941
1878 1904
1878 1886
1879 1949
1880 1932
1881 1936
1882 1963
1885 1976
1888 1904
1889 1947
1895 1915
1910 1947
1916 1970
1918 1927
1922 1959
1928 1958
1928 1982
1930 1981
1934 1948
1939 1946
1957 1992
1960 1994
1962 1990
1963 1993
1975 1983
1978 1999
