4000  6000
1 3976
1 322
1 2097
2 3985
2 877
2 45
3 8
3 2142
3 3903
4 2550
4 3861
4 2119
5 288
5 946
5 502
6 256
6 1268
6 3110
7 2972
7 2023
7 3320
8 1642
8 2542
9 957
9 2803
9 3253
10 812
10 3344
10 64
11 3565
11 226
11 2476
12 1759
12 1182
12 1748
13 1205
13 3941
13 2345
14 2548
14 927
14 3132
15 3698
15 3395
15 3995
16 1882
16 2505
16 2938
17 3431
17 3148
17 2424
18 378
18 3584
18 3500
19 1334
19 1002
19 1828
20 1280
20 922
20 2534
21 239
21 886
21 684
22 2940
22 1721
22 3215
23 493
23 2909
23 64
24 392
24 3963
24 2242
25 2060
25 1415
25 826
26 3191
26 2831
26 1746
27 1017
27 1790
27 3805
28 1214
28 2228
28 887
29 1949
29 2307
29 782
30 3350
30 3336
30 2106
31 2904
31 2946
31 360
32 1277
32 1213
32 1321
33 2903
33 3403
33 930
34 3725
34 2626
34 1809
35 3057
35 2910
35 927
36 3431
36 2954
36 596
37 2406
37 777
37 3891
38 269
38 439
38 3654
39 645
39 388
39 1401
40 516
40 1608
40 272
41 1389
41 1591
41 3886
42 1275
42 3543
42 1107
43 2095
43 3748
43 3753
44 2863
44 1270
44 898
45 2123
45 2562
46 3251
46 1185
46 2390
47 2852
47 1299
47 3827
48 3578
48 1334
48 728
49 3638
49 3479
49 2617
50 2640
50 2148
50 2412
51 2005
51 1571
51 2950
52 1071
52 1044
52 1648
53 1477
53 3485
53 2518
54 3040
54 3332
54 3064
55 2282
55 2078
55 3297
56 3172
56 454
56 381
57 2175
57 3423
57 3412
58 3370
58 3334
58 3228
59 450
59 2038
59 2783
60 1319
60 3870
60 1516
61 1846
61 1894
61 2877
62 2293
62 2421
62 3484
63 2482
63 3571
63 1539
64 2946
65 3465
65 3511
65 999
66 3998
66 2928
66 327
67 1771
67 461
67 3787
68 1048
68 3653
68 185
69 172
69 515
69 1971
70 3774
70 3037
70 2462
71 3451
71 321
71 2676
72 2423
72 3682
72 3449
73 933
73 558
73 3232
74 3482
74 2662
74 1948
75 2797
75 1377
75 677
76 2026
76 1987
76 3684
77 1681
77 2093
77 2104
78 354
78 1879
78 2153
79 3810
79 1909
79 157
80 1095
80 2406
80 574
81 3525
81 1896
81 2027
82 2192
82 1188
82 1942
83 107
83 3226
83 268
84 3228
84 593
84 2558
85 3466
85 3392
85 1031
86 3615
86 2818
86 690
87 273
87 557
87 632
88 514
88 1315
88 864
89 2993
89 416
89 2948
90 462
90 1435
90 1582
91 856
91 3193
91 795
92 2057
92 2869
92 1267
93 3043
93 2980
93 2966
94 1397
94 3817
94 2942
95 3261
95 1282
95 2931
96 1996
96 2528
96 1460
97 1179
97 1355
97 2774
98 1246
98 2344
98 3934
99 2354
99 250
99 1258
100 1573
100 943
100 1131
101 2779
101 2511
101 459
102 1443
102 3032
102 1364
103 469
103 1810
103 1639
104 1497
104 2365
104 2859
105 846
105 2664
105 3679
106 2654
106 1888
106 983
107 1273
107 1321
108 2587
108 1861
108 169
109 2989
109 2024
109 717
110 1338
110 1475
110 1880
111 3733
111 3622
111 3121
112 3999
112 2740
112 2949
113 3454
113 3521
113 1226
114 3477
114 2818
114 2990
115 2445
115 3861
115 1743
116 2898
116 3557
116 1634
117 3513
117 2536
117 2005
118 894
118 276
118 2157
119 3602
119 2667
119 1303
120 3908
120 2754
120 2530
121 571
121 3694
121 774
122 823
122 2036
122 1774
123 3999
123 413
123 192
124 1725
124 3813
124 2312
125 1920
125 572
125 2020
126 2725
126 3530
126 3393
127 298
127 1203
127 1351
128 3428
128 1872
128 1610
129 255
129 447
129 2741
130 455
130 1197
130 1016
131 3395
131 2301
131 2696
132 1581
132 982
132 2523
133 3883
133 1978
133 1132
134 2054
134 3993
134 2585
135 3799
135 2046
135 3741
136 1553
136 1253
136 1655
137 1886
137 3738
137 1781
138 2414
138 1841
138 323
139 2510
139 1769
139 888
140 3385
140 3298
140 1550
141 3034
141 349
141 958
142 492
142 1075
142 1700
143 1972
143 1110
143 2155
144 3277
144 3020
144 2939
145 541
145 1127
145 3657
146 2829
146 1556
146 3576
147 1652
147 1870
147 303
148 202
148 2087
148 575
149 3583
149 403
149 2837
150 1593
150 2512
150 1314
151 400
151 2769
151 483
152 3936
152 998
152 729
153 1240
153 1798
153 2571
154 1233
154 3236
154 2177
155 1967
155 3600
155 1541
156 1704
156 3993
156 3859
157 210
157 2690
158 407
158 2746
158 2799
159 315
159 751
159 581
160 3763
160 3336
160 879
161 1017
161 1875
161 3053
162 3480
162 1693
162 2132
163 3641
163 1245
163 3788
164 3953
164 3335
164 3706
165 3009
165 2962
165 535
166 994
166 3003
166 628
167 222
167 752
167 2975
168 3711
168 3720
168 3410
169 3249
169 928
170 3643
170 2242
170 3619
171 2977
171 2065
171 2314
172 3260
172 1271
173 3907
173 1290
173 3266
174 1386
174 3210
174 2769
175 3380
175 2132
175 1947
176 1971
176 320
176 765
177 3004
177 1195
177 2152
178 3956
178 284
178 1057
179 763
179 1408
179 199
180 2496
180 3194
180 3116
181 3108
181 660
181 3904
182 3160
182 3406
182 1518
183 1917
183 1991
183 1154
184 1091
184 786
184 3923
185 2053
185 1349
186 1497
186 2311
186 870
187 446
187 1592
187 984
188 3261
188 810
188 1970
189 2277
189 1621
189 2184
190 3919
190 3363
190 1965
191 3936
191 3103
191 1893
192 708
192 2511
193 2321
193 3609
193 3303
194 1505
194 2964
194 1595
195 1166
195 969
195 476
196 3371
196 347
196 598
197 936
197 283
197 1813
198 1376
198 3994
198 1434
199 3809
199 317
200 1886
200 1218
200 2268
201 695
201 1303
201 1519
202 3556
202 675
203 3041
203 1045
203 3203
204 370
204 3252
204 545
205 2513
205 2085
205 395
206 1653
206 1385
206 1618
207 3029
207 1440
207 1985
208 1410
208 2652
208 1872
209 1820
209 225
209 2845
210 3655
210 1069
211 3349
211 2044
211 743
212 1485
212 1666
212 1526
213 972
213 1186
213 399
214 2886
214 2758
214 1075
215 2622
215 249
215 287
216 637
216 1468
216 3077
217 3014
217 1710
217 2625
218 917
218 1198
218 2018
219 1811
219 260
219 1164
220 3341
220 3707
220 3996
221 1492
221 3137
221 2558
222 356
222 3451
223 3909
223 319
223 1870
224 3802
224 1039
224 2793
225 1731
225 1212
226 582
226 394
227 1957
227 519
227 1969
228 1456
228 3022
228 2023
229 2943
229 3076
229 2266
230 958
230 3200
230 926
231 1126
231 2681
231 2133
232 496
232 3081
232 2695
233 3589
233 1036
233 2076
234 3464
234 3255
234 3067
235 2454
235 3135
235 1807
236 3581
236 1046
236 3962
237 338
237 2171
237 2195
238 3414
238 3547
238 1894
239 2692
239 1626
240 704
240 967
240 1805
241 636
241 1585
241 3540
242 960
242 828
242 2404
243 1158
243 3547
243 364
244 3340
244 559
244 3519
245 1470
245 2850
245 2096
246 3177
246 1521
246 3255
247 3846
247 3115
247 1303
248 545
248 1717
248 787
249 3441
249 1449
250 2064
250 2517
251 2336
251 2002
251 3929
252 2347
252 3205
252 3144
253 3313
253 3209
253 3749
254 1831
254 2960
254 2840
255 2748
255 1005
256 2250
256 1536
257 3325
257 2392
257 3058
258 2468
258 2019
258 3091
259 2580
259 2110
259 1682
260 1690
260 2699
261 3869
261 2167
261 2830
262 694
262 853
262 3885
263 694
263 1559
263 2016
264 496
264 2196
264 2611
265 2099
265 555
265 567
266 755
266 1125
266 1256
267 2505
267 2059
267 1907
268 1988
268 3328
269 2983
269 2744
270 635
270 1115
270 3047
271 1648
271 1349
271 1407
272 3224
272 2543
273 1515
273 1502
274 3315
274 1538
274 1295
275 1520
275 861
275 2875
276 2140
276 336
277 1331
277 3207
277 542
278 3953
278 3273
278 1981
279 3761
279 2266
279 2911
280 3594
280 1142
280 1431
281 918
281 2232
281 1733
282 350
282 1715
282 2436
283 861
283 3407
284 3645
284 3804
285 326
285 1878
285 2086
286 2995
286 1098
286 2034
287 3119
287 2950
288 2685
288 447
289 1047
289 2228
289 593
290 1950
290 1796
290 379
291 1236
291 3442
291 3204
292 3070
292 803
292 1391
293 2204
293 2805
293 844
294 1961
294 985
294 1499
295 1368
295 4000
295 1580
296 3364
296 3740
296 1890
297 1116
297 3043
297 1268
298 2415
298 2368
299 2709
299 3528
299 2353
300 2598
300 1641
300 3946
301 1630
301 1584
301 1550
302 2704
302 1925
302 456
303 1287
303 575
304 2933
304 439
304 1527
305 361
305 3757
305 1822
306 2441
306 1742
306 2267
307 2904
307 2962
307 3687
308 1858
308 353
308 3086
309 3680
309 3580
309 835
310 3586
310 3441
310 1030
311 1002
311 1789
311 2990
312 2282
312 1064
312 3489
313 1411
313 2198
313 3529
314 914
314 2968
314 2896
315 3217
315 1483
316 2841
316 991
316 3152
317 1007
317 3265
318 1720
318 3438
318 626
319 3600
319 1988
320 3983
320 1672
321 3703
321 2338
322 3644
322 1722
323 2938
323 3171
324 511
324 491
324 1268
325 740
325 2033
325 1509
326 343
326 2226
327 666
327 542
328 1603
328 1348
328 3669
329 361
329 3452
329 3635
330 1048
330 426
330 784
331 494
331 2464
331 682
332 1397
332 3991
332 1990
333 362
333 472
333 2138
334 2427
334 345
334 642
335 975
335 1509
335 2663
336 3848
336 2100
337 2733
337 1943
337 1034
338 3807
338 3087
339 2362
339 509
339 1359
340 3040
340 811
340 1675
341 3111
341 2732
341 1618
342 3598
342 2325
342 3269
343 633
343 2583
344 1021
344 2915
344 2782
345 1609
345 2927
346 810
346 3630
346 718
347 1538
347 427
348 1300
348 828
348 734
349 2762
349 1745
350 2974
350 2744
351 695
351 2736
351 1507
352 2640
352 3403
352 1038
353 3168
353 2631
354 3876
354 3059
355 1478
355 1979
355 2585
356 3467
356 2080
357 3711
357 2857
357 1057
358 3482
358 3415
358 3147
359 1977
359 402
359 1627
360 2339
360 2699
361 1955
362 1019
362 2935
363 2965
363 2837
363 3404
364 2460
364 3256
365 2976
365 2566
365 1092
366 972
366 1794
366 3957
367 977
367 915
367 2020
368 3889
368 2620
368 2299
369 3936
369 1938
369 2702
370 3294
370 2494
371 1823
371 3117
371 2078
372 3696
372 3662
372 3827
373 756
373 1959
373 643
374 1003
374 2310
374 2542
375 3468
375 1215
375 3514
376 3674
376 2240
376 839
377 2466
377 1114
377 778
378 3862
378 3640
379 2134
379 2645
380 2774
380 3734
380 409
381 3703
381 2515
382 3385
382 2084
382 2378
383 2461
383 2802
383 1791
384 3878
384 2436
384 884
385 954
385 614
385 1901
386 3862
386 3077
386 884
387 1921
387 2785
387 702
388 1200
388 2359
389 807
389 1822
389 3366
390 3381
390 3943
390 2752
391 3261
391 544
391 2868
392 2628
392 3649
393 2792
393 2520
393 464
394 1522
394 3854
395 1369
395 3640
396 2361
396 1379
396 2046
397 1141
397 3397
397 1942
398 2125
398 3086
398 788
399 2336
399 642
400 2597
400 2374
401 1927
401 2749
401 2043
402 3210
402 1437
403 834
403 1930
404 3721
404 3700
404 1320
405 2278
405 1976
405 3175
406 678
406 670
406 3503
407 1111
407 3803
408 553
408 2485
408 3212
409 1122
409 3989
410 804
410 1389
410 3159
411 1691
411 1436
411 1918
412 1939
412 2185
412 1858
413 3494
413 3845
414 3538
414 3248
414 1356
415 1995
415 931
415 2687
416 789
416 2566
417 522
417 2480
417 3516
418 1180
418 1476
418 2394
419 580
419 3792
419 701
420 2212
420 3857
420 3840
421 3347
421 667
421 3415
422 3240
422 3153
422 1908
423 755
423 1233
423 1582
424 525
424 3282
424 488
425 1254
425 902
425 692
426 472
426 2477
427 933
427 1283
428 3122
428 770
428 779
429 2836
429 3523
429 674
430 2440
430 3214
430 2652
431 3486
431 1899
431 2138
432 2009
432 3424
432 2847
433 1126
433 2115
433 3080
434 3480
434 3357
434 2920
435 3743
435 1375
435 2565
436 1443
436 2531
436 2689
437 1776
437 1644
437 1473
438 1065
438 3109
438 921
439 3916
440 1823
440 3234
440 1078
441 833
441 2526
441 2968
442 3612
442 3396
442 2500
443 3800
443 2251
443 3026
444 1672
444 944
444 1251
445 2357
445 1629
445 3926
446 1113
446 2960
447 480
448 2306
448 538
448 1097
449 2398
449 570
449 3258
450 2399
450 2211
451 2670
451 2760
451 2463
452 1658
452 2667
452 2629
453 758
453 1890
453 2114
454 3907
454 1054
455 2405
455 2926
456 723
456 827
457 2535
457 1464
457 3387
458 1806
458 3683
458 2997
459 1066
459 770
460 499
460 3141
460 3264
461 1352
461 644
462 1184
462 3036
463 1150
463 844
463 3706
464 3908
464 2743
465 617
465 3847
465 605
466 1470
466 2074
466 2945
467 1091
467 2544
467 2422
468 2579
468 778
468 2205
469 2066
469 2492
470 2947
470 509
470 916
471 3213
471 2790
471 539
472 1727
473 2612
473 483
473 3073
474 2403
474 2102
474 2359
475 2245
475 3778
475 2508
476 2362
476 3671
477 2640
477 3072
477 1031
478 2018
478 598
478 3281
479 1160
479 3459
479 918
480 1173
480 715
481 3426
481 2325
481 1247
482 1077
482 2767
482 767
483 756
484 2479
484 3188
484 2817
485 3009
485 1711
485 3865
486 2010
486 1917
486 2379
487 3453
487 3291
487 3233
488 2936
488 620
489 1853
489 1457
489 583
490 2593
490 3734
490 1211
491 495
491 3316
492 3775
492 1432
493 3685
493 3129
494 1338
494 1531
495 660
495 1467
496 2300
497 2883
497 1442
497 1984
498 1331
498 2624
498 1445
499 2011
499 3286
500 3494
500 2968
500 2236
501 731
501 2861
501 2812
502 1825
502 2130
503 1833
503 3677
503 2611
504 698
504 1323
504 3995
505 1427
505 3804
505 1333
506 3197
506 3577
506 2042
507 2047
507 991
507 1039
508 2668
508 2634
508 3481
509 3816
510 607
510 3475
510 1816
511 3484
511 735
512 2952
512 3417
512 3006
513 2499
513 2798
513 3351
514 1398
514 923
515 880
515 2589
516 851
516 713
517 1007
517 1855
517 1698
518 704
518 618
518 2472
519 1153
519 1733
520 3078
520 1500
520 1545
521 804
521 3769
521 3028
522 1676
522 1657
523 3852
523 2444
523 1292
524 1339
524 1814
524 3588
525 1941
525 2443
526 1353
526 2474
526 3102
527 3109
527 1177
527 1197
528 1246
528 2578
528 585
529 1389
529 2758
529 2039
530 3495
530 1562
530 2298
531 990
531 3753
531 664
532 3556
532 2654
532 1645
533 2940
533 1986
533 3926
534 1838
534 3285
534 2039
535 2151
535 2546
536 3569
536 1265
536 3747
537 2364
537 2570
537 2377
538 642
538 1935
539 2593
539 888
540 3558
540 2031
540 693
541 2720
541 3041
542 3967
543 2975
543 2433
543 684
544 1297
544 2480
545 1779
546 1616
546 569
546 1053
547 2207
547 692
547 3035
548 1322
548 2089
548 1845
549 634
549 1636
549 1802
550 3092
550 2824
550 725
551 1179
551 2876
551 1506
552 1784
552 1424
552 2731
553 3218
553 1384
554 3127
554 1184
554 2203
555 1902
555 3377
556 1264
556 3148
556 2226
557 1137
557 3864
558 3791
558 3947
559 3310
559 1202
560 2330
560 3857
560 1011
561 852
561 3035
561 2600
562 2903
562 1864
562 3496
563 2405
563 1294
563 1676
564 3919
564 1604
564 2872
565 990
565 1777
565 2079
566 2604
566 3195
566 2181
567 2926
567 3296
568 1901
568 2842
568 899
569 834
569 3561
570 730
570 1566
571 2414
571 591
572 1367
572 2460
573 2932
573 2249
573 1312
574 957
574 1067
575 3104
576 3014
576 3877
576 1305
577 2386
577 3003
577 2397
578 914
578 1660
578 2129
579 2730
579 2833
579 1764
580 730
580 2569
581 1854
581 3567
582 2685
582 2941
583 1943
583 3590
584 3556
584 2795
584 1781
585 3711
585 2376
586 3909
586 2818
586 3748
587 708
587 3650
587 2222
588 3570
588 1859
588 1709
589 2466
589 1054
589 959
590 1403
590 1140
590 2954
591 2217
591 1183
592 1474
592 3131
592 626
593 3140
594 3441
594 1978
594 3795
595 3833
595 2027
595 2714
596 1206
596 2650
597 3952
597 604
597 949
598 3970
599 1549
599 3815
599 2245
600 1361
600 3814
600 1076
601 3331
601 706
601 1659
602 3124
602 1250
602 2319
603 1344
603 3338
603 2213
604 1972
604 2069
605 2738
605 3856
606 3688
606 1333
606 1918
607 3416
607 811
608 1654
608 1130
608 1520
609 2899
609 2570
609 2644
610 3651
610 2322
610 2477
611 2275
611 3299
611 1946
612 3083
612 1695
612 2459
613 2661
613 3392
613 3575
614 1398
614 3490
615 2867
615 1502
615 889
616 1730
616 696
616 1821
617 2746
617 1633
618 702
618 3422
619 3756
619 3601
619 3273
620 1686
620 768
621 1838
621 2037
621 3162
622 2535
622 2488
622 2978
623 3302
623 3984
623 2358
624 3558
624 2052
624 2178
625 1293
625 1583
625 2191
626 2035
627 702
627 1865
627 1953
628 1386
628 1286
629 2321
629 1045
629 3815
630 1752
630 3244
630 1900
631 1982
631 2740
631 3564
632 1704
632 3033
633 2298
633 2786
634 1437
634 3320
635 2080
635 2404
636 3831
636 3770
637 1794
637 1546
638 869
638 3047
638 3617
639 3596
639 1565
639 3755
640 2870
640 2202
640 3649
641 1122
641 657
641 3930
643 3800
643 3593
644 1263
644 3411
645 3883
645 1472
646 1651
646 2070
646 1821
647 1723
647 3218
647 669
648 3541
648 2554
648 1536
649 1637
649 2243
649 2872
650 3426
650 1155
650 3625
651 894
651 1666
651 964
652 1548
652 2001
652 836
653 2343
653 3654
653 3113
654 2917
654 2745
654 1370
655 3853
655 779
655 3646
656 2848
656 2799
656 3421
657 3745
657 822
658 3198
658 670
658 2239
659 1528
659 2827
659 2887
660 1968
661 1293
661 2739
661 938
662 3321
662 1685
662 2218
663 1239
663 1375
663 3065
664 1658
664 2726
665 3016
665 3037
665 3086
666 3184
666 1335
667 1308
667 1156
668 2959
668 2159
668 3396
669 815
669 1087
670 1374
671 1747
671 2672
671 3901
672 2370
672 2518
672 1633
673 3389
673 1412
673 3584
674 1105
674 3906
675 1342
675 1788
676 2479
676 2484
676 849
677 2642
677 3170
678 1980
678 2008
679 2622
679 1997
679 3062
680 3071
680 3501
680 2506
681 2333
681 764
681 2902
682 3172
682 3117
683 3981
683 849
683 2581
684 2616
685 1677
685 1481
685 3366
686 1535
686 2070
686 2263
687 3471
687 1814
687 843
688 994
688 1073
688 2103
689 2127
689 3526
689 719
690 2223
690 2471
691 3697
691 2694
691 3433
692 3641
693 3697
693 1469
694 700
695 2849
696 1795
696 1074
697 3389
697 3126
697 764
698 2507
698 2987
699 3930
699 3211
699 3716
700 3317
700 2262
701 3834
701 2373
703 2255
703 2332
703 2740
704 845
705 3880
705 2791
705 1192
706 3461
706 835
707 773
707 3221
707 1343
708 3305
709 891
709 1508
709 820
710 1830
710 2719
710 1953
711 3223
711 1922
711 2784
712 2507
712 2842
712 3038
713 1455
713 2216
714 2371
714 1594
714 2376
715 3009
715 2322
716 3277
716 3165
716 3242
717 3509
717 3636
718 2540
718 3166
719 2372
719 1309
720 2775
720 2296
720 1601
721 3364
721 2272
721 3405
722 3975
722 3430
722 3115
723 1947
723 1915
724 2357
724 1366
724 908
725 1617
725 2627
726 3458
726 3030
726 2703
727 3330
727 1320
727 2256
728 3791
728 1289
729 2934
729 906
730 1053
731 968
731 3043
732 3379
732 3243
732 2716
733 2339
733 2469
733 1332
734 1771
734 3757
735 1867
735 2987
736 1674
736 1292
736 1776
737 2484
737 1554
737 3306
738 2455
738 1161
738 2859
739 830
739 2087
739 892
740 1826
740 3391
741 996
741 2499
741 2331
742 1494
742 3076
742 2334
743 1704
743 3430
744 3890
744 3227
744 3717
745 2423
745 1816
745 2693
746 2149
746 2432
746 2691
747 3843
747 1464
747 3512
748 2623
748 1929
748 2987
749 1766
749 1659
749 2337
750 2879
750 3922
750 2491
751 1578
751 2476
752 2215
752 2035
753 3540
753 3968
753 883
754 2649
754 3639
754 1940
755 1856
756 3038
757 830
757 1705
757 3826
758 3108
758 2516
759 1093
759 1432
759 2469
760 2800
760 1383
760 3227
761 2864
761 1137
761 2167
762 2164
762 3150
762 1790
763 3834
763 2428
764 2224
765 3960
765 1631
766 1343
766 1318
766 3535
767 2913
767 3915
768 2200
768 3182
769 2330
769 3728
769 1311
770 2149
771 3504
771 2506
771 1951
772 1049
772 966
772 2179
773 3607
773 2809
774 1741
774 1926
775 3532
775 2945
775 3792
776 2874
776 3603
776 2993
777 3736
777 2770
778 3360
779 3319
780 2152
780 2176
780 3772
781 1304
781 3081
781 2722
782 1875
782 1038
783 3521
783 2197
783 2113
784 1895
784 2444
785 1064
785 1175
785 1867
786 2026
786 1099
787 814
787 2481
788 2387
788 3008
789 2475
789 1885
790 3568
790 1778
790 2752
791 1372
791 3562
791 3841
792 3156
792 3924
792 3193
793 2401
793 3047
793 2786
794 2205
794 1529
794 1640
795 3894
795 3002
796 1079
796 1371
796 3623
797 2372
797 2516
797 2325
798 3224
798 1579
798 3472
799 3998
799 2191
799 3561
800 807
800 1392
800 2120
801 3413
801 1968
801 3182
802 3751
802 2716
802 3234
803 1824
803 1138
804 2520
805 3581
805 1780
805 3195
806 1973
806 3954
806 2199
807 2515
808 1291
808 3342
808 3178
809 2604
809 3415
809 2429
810 1449
811 3842
812 2677
812 1893
813 2465
813 974
813 2144
814 2411
814 1192
815 2244
815 3018
816 3023
816 1769
816 2914
817 3369
817 3972
817 3226
818 2779
818 1235
818 3100
819 2303
819 1753
819 961
820 1775
820 3406
821 2015
821 2135
821 3151
822 2760
822 3483
823 3996
823 2364
824 1964
824 1903
824 2784
825 1465
825 2433
825 3519
826 2852
826 1697
827 1116
827 3063
828 1465
829 1260
829 1772
829 1238
830 3494
831 3217
831 2402
831 2020
832 1299
832 2749
832 3566
833 1365
833 1448
834 3053
835 1340
836 3331
836 1913
837 841
837 4000
837 3891
838 2452
838 2349
838 1668
839 970
839 2154
840 2544
840 1817
840 1582
841 1103
841 1162
842 1631
842 1746
842 1422
843 2227
843 3551
844 1070
845 1026
845 3511
846 1147
846 1508
847 3613
847 2348
847 1701
848 1845
848 1560
848 2606
849 2945
850 2708
850 2528
850 1185
851 2974
851 3987
852 2425
852 1881
853 2288
853 2700
854 3465
854 3603
854 2202
855 2956
855 3839
855 2504
856 2238
856 3708
857 3783
857 2426
857 1908
858 2123
858 2853
858 3934
859 1598
859 3569
859 3741
860 3271
860 1237
860 2089
861 2438
862 3140
862 1944
862 930
863 2777
863 3941
863 2741
864 3379
864 2789
865 1298
865 3082
865 2701
866 3722
866 3557
866 3221
867 3685
867 1323
867 2483
868 2160
868 1737
868 3830
869 2995
869 1873
870 3947
870 1374
871 2835
871 2323
871 3299
872 1973
872 3814
872 1558
873 3167
873 3867
873 3075
874 1098
874 3333
874 3444
875 1381
875 2786
875 2884
876 2717
876 1742
876 2448
877 1914
877 3648
878 3419
878 3611
878 3904
879 1818
879 2720
880 3099
880 3553
881 2200
881 2267
881 1965
882 3383
882 1565
882 3039
883 1223
883 2231
884 3106
885 3229
885 3354
885 2958
886 1080
886 2358
887 3317
887 1295
888 3942
889 3597
889 1654
890 3699
890 1428
890 2668
891 3154
891 1387
892 1811
892 2573
893 2028
893 3854
893 3723
894 1699
895 1085
895 3778
895 2833
896 3317
896 2349
896 3024
897 2400
897 2445
897 1415
898 2388
898 3348
899 2703
899 967
900 1495
900 2814
900 1975
901 2198
901 2645
901 1904
902 3693
902 2038
903 3956
903 946
903 2729
904 3782
904 3951
904 3175
905 3985
905 2624
905 3238
906 3239
906 3074
907 963
907 3288
907 3095
908 2447
908 2743
909 3176
909 3673
909 2489
910 2317
910 2189
910 2948
911 1750
911 3670
911 3281
912 3981
912 2625
912 2581
913 1463
913 3672
913 3144
914 2782
915 1562
915 2796
916 3111
916 2983
917 3188
917 3205
918 3507
919 2527
919 1740
919 2907
920 1750
920 2853
920 1340
921 3926
921 1312
922 3630
922 1218
923 3529
923 3425
924 1285
924 3284
924 2543
925 1987
925 2941
925 1837
926 1585
926 2950
927 2262
928 3562
928 3145
929 2904
929 1657
929 2435
930 3822
931 1068
931 2725
932 2146
932 3612
932 2055
933 3492
934 1557
934 2963
934 1537
935 1447
935 3965
935 1059
936 1037
936 1624
937 2680
937 3695
937 1223
938 2591
938 1530
939 1070
939 2834
939 2071
940 2539
940 2918
940 1514
941 2556
941 2822
941 1046
942 2501
942 1665
942 1645
943 1840
943 1688
944 3134
944 3265
945 2797
945 3970
945 2237
946 1523
947 2216
947 2222
947 3163
948 2418
948 1509
948 3927
949 3762
949 3071
950 3023
950 2634
950 1810
951 3623
951 2294
951 2820
952 3157
952 3775
952 2878
953 3352
953 1865
953 2247
954 2808
954 2007
955 2998
955 2806
955 1383
956 1216
956 1875
956 3639
957 1266
958 1258
959 1932
959 1071
960 3583
960 979
961 3054
961 2659
962 1723
962 2592
962 1343
963 1796
963 1405
964 3471
964 3950
965 3350
965 3557
965 2605
966 1203
966 2608
967 3327
968 3492
968 2012
969 2595
969 1157
970 3217
970 3545
971 2998
971 1219
971 2629
972 1948
973 2932
973 2510
973 3339
974 2422
974 1062
975 1055
975 2440
976 1022
976 2416
976 1025
977 3401
977 1855
978 2400
978 1224
978 3616
979 3200
979 2654
980 2268
980 2824
980 3087
981 3174
981 3895
981 3087
982 3977
982 2217
983 1761
983 3262
984 2300
984 2677
985 2227
985 2248
986 3658
986 2230
986 3444
987 1931
987 2166
987 1296
988 2756
988 2511
988 1534
989 3835
989 1998
989 2706
990 3135
991 3652
992 1372
992 3153
992 2448
993 2040
993 2146
993 1975
994 1373
995 1030
995 1887
995 1193
996 2810
996 3634
997 1262
997 3394
997 2560
998 3667
998 2360
999 3959
999 1467
1000 2274
1000 3279
1000 2081
1001 3882
1001 1479
1001 2542
1002 1213
1003 1895
1003 3938
1004 2708
1004 3296
1004 2353
1005 1315
1005 1086
1006 2761
1006 1578
1006 3987
1007 1498
1008 1725
1008 2763
1008 1685
1009 2156
1009 2655
1009 2003
1010 3237
1010 2187
1010 3160
1011 3776
1011 3333
1012 1400
1012 1540
1012 3112
1013 3190
1013 1184
1013 3102
1014 2162
1014 1169
1014 3076
1015 3158
1015 3922
1015 2647
1016 2206
1016 2804
1017 2386
1018 2134
1018 1563
1018 1458
1019 3610
1019 2750
1020 1051
1020 1194
1020 1172
1021 2330
1021 2186
1022 3928
1022 3338
1023 3900
1023 3439
1023 3825
1024 1230
1024 2907
1024 3934
1025 3309
1025 1699
1026 1308
1026 2421
1027 2288
1027 1444
1027 3408
1028 3939
1028 1260
1028 2994
1029 3274
1029 2714
1029 2582
1030 1675
1031 3432
1032 2468
1032 1490
1032 3770
1033 1252
1033 2692
1033 2787
1034 3361
1034 1335
1035 1696
1035 3561
1035 3019
1036 3393
1036 1876
1037 2206
1037 1768
1038 1719
1039 1766
1040 3085
1040 1666
1040 3012
1041 1815
1041 1930
1041 1310
1042 2776
1042 3582
1042 1219
1043 2753
1043 3927
1043 3576
1044 3322
1044 2058
1045 1670
1046 3330
1047 1683
1047 3994
1048 1402
1049 1403
1049 1486
1050 3084
1050 1496
1050 2409
1051 2986
1051 2713
1052 2496
1052 1423
1052 3296
1053 3313
1054 2855
1055 1589
1055 2221
1056 2288
1056 1994
1056 3517
1057 2601
1058 2615
1058 2165
1058 3291
1059 3176
1059 1266
1060 2482
1060 2377
1060 2611
1061 1691
1061 3896
1061 2568
1062 1269
1062 3751
1063 2463
1063 1250
1063 3427
1064 3503
1065 1094
1065 3619
1066 2447
1066 1896
1067 2410
1067 1220
1068 1967
1068 3692
1069 3984
1069 2039
1070 2608
1071 2531
1072 1887
1072 2978
1072 1718
1073 2685
1073 3608
1074 1877
1074 2557
1075 2540
1076 1588
1076 2725
1077 3276
1077 1739
1078 2315
1078 2827
1079 3961
1079 3196
1080 2464
1080 3546
1081 1143
1081 2302
1081 3853
1082 3174
1082 2765
1082 3849
1083 1850
1083 2080
1083 2454
1084 2434
1084 3835
1084 1803
1085 3858
1085 3488
1086 3250
1086 2523
1087 2893
1087 3662
1088 1960
1088 2937
1088 1360
1089 3277
1089 1836
1089 2114
1090 2728
1090 2175
1090 1535
1091 2204
1092 1199
1092 2470
1093 2579
1093 2387
1094 3594
1094 1515
1095 2335
1095 1697
1096 2545
1096 1620
1096 2391
1097 3329
1097 3642
1098 1641
1099 2998
1099 1328
1100 1831
1100 2348
1100 1418
1101 1166
1101 2540
1101 1503
1102 2683
1102 3929
1102 1445
1103 1490
1103 2136
1104 1945
1104 3483
1104 1481
1105 2858
1105 3968
1106 3130
1106 2082
1106 3050
1107 2870
1107 1454
1108 3463
1108 2551
1108 2153
1109 3793
1109 2698
1109 1511
1110 3596
1110 3474
1111 2454
1111 1218
1112 1679
1112 2636
1112 1925
1113 3511
1113 1936
1114 3878
1114 2313
1115 2384
1115 1745
1116 1379
1117 2156
1117 3963
1117 3884
1118 3652
1118 3387
1118 2435
1119 1833
1119 1632
1119 2408
1120 3393
1120 3535
1120 2090
1121 3371
1121 3417
1121 3208
1122 2098
1123 3184
1123 3178
1123 2718
1124 3668
1124 2839
1124 3937
1125 2593
1125 1347
1126 2977
1127 1195
1127 3960
1128 2205
1128 2574
1128 2276
1129 3776
1129 3220
1129 3388
1130 1832
1130 1208
1131 2185
1131 1587
1132 2572
1132 2494
1133 2844
1133 3305
1133 1715
1134 2128
1134 2030
1134 1804
1135 2678
1135 1792
1135 1626
1136 3940
1136 1867
1136 1438
1137 2495
1138 2813
1138 1365
1139 1492
1139 1222
1139 3686
1140 3358
1140 2320
1141 3390
1141 3993
1142 2602
1142 3285
1143 1447
1143 1391
1144 2092
1144 3505
1144 3446
1145 3592
1145 1479
1145 1900
1146 1399
1146 1568
1146 3098
1147 3824
1147 1228
1148 1818
1148 1479
1148 2843
1149 3093
1149 3655
1149 2827
1150 3868
1150 3665
1151 3103
1151 3793
1151 2172
1152 2184
1152 2012
1152 1296
1153 2767
1153 3264
1154 2238
1154 3044
1155 3583
1155 2161
1156 1747
1156 3355
1157 3779
1157 2519
1158 2565
1158 3997
1159 3492
1159 1544
1159 2097
1160 3465
1160 1574
1161 3450
1161 2138
1162 3552
1162 3044
1163 2678
1163 2465
1163 2449
1164 3272
1164 2894
1165 3051
1165 3374
1165 2269
1166 3257
1167 2727
1167 3094
1167 1801
1168 3698
1168 3025
1168 3002
1169 3427
1169 2658
1170 1475
1170 2768
1170 3918
1171 2350
1171 3588
1171 3193
1172 2844
1172 1688
1173 2224
1173 3233
1174 2641
1174 3624
1174 3901
1175 1471
1175 3506
1176 2505
1176 1892
1176 3058
1177 1291
1177 3484
1178 2552
1178 2344
1178 1480
1179 3819
1180 2875
1180 1800
1181 2248
1181 2837
1181 3780
1182 1539
1182 2201
1183 1301
1183 3407
1185 1808
1186 1593
1186 3587
1187 2085
1187 2909
1187 3892
1188 2312
1188 1569
1189 3314
1189 3621
1189 1940
1190 3990
1190 3682
1190 2657
1191 2594
1191 2296
1191 3522
1192 3048
1193 1259
1193 2110
1194 3632
1194 1801
1195 3014
1196 2280
1196 3887
1196 1405
1197 3136
1198 3420
1198 2865
1199 3822
1199 2912
1200 2681
1200 2533
1201 3318
1201 1632
1201 2970
1202 2385
1202 1911
1203 2527
1204 2979
1204 2508
1204 3327
1205 3420
1205 3049
1206 1793
1206 1884
1207 3544
1207 1779
1207 1210
1208 1960
1208 3717
1209 3367
1209 2252
1209 1614
1210 1663
1210 1892
1211 3263
1211 3531
1212 3705
1212 3206
1213 2334
1214 2755
1214 2916
1215 2867
1215 2237
1216 2612
1216 3778
1217 2201
1217 3015
1217 1714
1219 2671
1220 3369
1220 1726
1221 3967
1221 2574
1221 2056
1222 2595
1222 2515
1223 1862
1224 1553
1224 1421
1225 1427
1225 1722
1225 1882
1226 1326
1226 3884
1227 3844
1227 3797
1227 3732
1228 3802
1228 2746
1229 2435
1229 1876
1229 2318
1230 1406
1230 2112
1231 1852
1231 1626
1231 2264
1232 1330
1232 2633
1232 1859
1233 2688
1234 3054
1234 2013
1234 3226
1235 2265
1235 2920
1236 3816
1236 3860
1237 3975
1237 1409
1238 2086
1238 2286
1239 2751
1239 3628
1240 3823
1240 2666
1241 3078
1241 2732
1241 1715
1242 3418
1242 2819
1242 3323
1243 2892
1243 3837
1243 3121
1244 1830
1244 2008
1244 1943
1245 1844
1245 2967
1246 3783
1247 3870
1247 3551
1248 2936
1248 3137
1248 1484
1249 2661
1249 2686
1249 2961
1250 1318
1251 1309
1251 3744
1252 2274
1252 2783
1253 3780
1253 1359
1254 1608
1254 3118
1255 1773
1255 3122
1255 1609
1256 2618
1256 2564
1257 3272
1257 3611
1257 1756
1258 3861
1259 2259
1259 3022
1260 2568
1261 2592
1261 1489
1261 3648
1262 3785
1262 3980
1263 3833
1263 3062
1264 3559
1264 3945
1265 3627
1265 3469
1266 2615
1267 2343
1267 1656
1269 2862
1269 3042
1270 3547
1270 1618
1271 3552
1271 2256
1272 2826
1272 1654
1272 1327
1273 1954
1273 1951
1274 1914
1274 1473
1274 1739
1275 2757
1275 3676
1276 1416
1276 2838
1276 1459
1277 1449
1277 2480
1278 1939
1278 1571
1278 1971
1279 3656
1279 3479
1279 3085
1280 3252
1280 3013
1281 2612
1281 3601
1281 2622
1282 3638
1282 3851
1283 2858
1283 2332
1284 2072
1284 2310
1284 3512
1285 3300
1285 2341
1286 3945
1286 3025
1287 3164
1287 2263
1288 3699
1288 3070
1288 2375
1289 3011
1289 2208
1290 2361
1290 3614
1291 3404
1292 2758
1293 3576
1294 3696
1294 3219
1295 3304
1296 2028
1297 1306
1297 2560
1298 2662
1298 3820
1299 3159
1300 2017
1300 3294
1301 3050
1301 1719
1302 2841
1302 1461
1302 4000
1304 3033
1304 2584
1305 3661
1305 1871
1306 2416
1306 3671
1307 3808
1307 3136
1307 2828
1308 3359
1309 2812
1310 3713
1310 2728
1311 3799
1311 2233
1312 1316
1313 3566
1313 3510
1313 2345
1314 1773
1314 2037
1315 3340
1316 1603
1316 3173
1317 2674
1317 3537
1317 3186
1318 1451
1319 2721
1319 3435
1320 2442
1321 1739
1322 2596
1322 1413
1323 3752
1324 3413
1324 1990
1324 2883
1325 3463
1325 1394
1325 2824
1326 3206
1326 3282
1327 2308
1327 2283
1328 2559
1328 2551
1329 2639
1329 1835
1329 3075
1330 2183
1330 1763
1331 3539
1332 1759
1332 3114
1333 2075
1334 1477
1335 3180
1336 3745
1336 2289
1336 3154
1337 2889
1337 3855
1337 3521
1338 3375
1339 3574
1339 2879
1340 3647
1341 1895
1341 1533
1341 2555
1342 1961
1342 2368
1344 3004
1344 1710
1345 2057
1345 2233
1345 3932
1346 3531
1346 2462
1346 3167
1347 2140
1347 2473
1348 3108
1348 3599
1349 1673
1350 3928
1350 2688
1350 2804
1351 2841
1351 2322
1352 2347
1352 3436
1353 3660
1353 2367
1354 3592
1354 2238
1354 1546
1355 1970
1355 2832
1356 2598
1356 3886
1357 2684
1357 3312
1357 2140
1358 3237
1358 2135
1358 3031
1359 3837
1360 3300
1360 1600
1361 1601
1361 1669
1362 3817
1362 3990
1362 1849
1363 2674
1363 2182
1363 2750
1364 1523
1364 2084
1365 1540
1366 1494
1366 1708
1367 1528
1367 3138
1368 3683
1368 1683
1369 1758
1369 2202
1370 2653
1370 2955
1371 3184
1371 1650
1372 3222
1373 1390
1373 3394
1374 3513
1375 3442
1376 3476
1376 1705
1377 1547
1377 3524
1378 1729
1378 3555
1378 2657
1379 2182
1380 3922
1380 2572
1380 3331
1381 3598
1381 3621
1382 2163
1382 3142
1382 2881
1383 2606
1384 2981
1384 2373
1385 3295
1385 1711
1386 2028
1387 3550
1387 2546
1388 1644
1388 2132
1388 2289
1390 1950
1390 2753
1391 2614
1392 2544
1392 3949
1393 2212
1393 3591
1393 1797
1394 3385
1394 3173
1395 3172
1395 2822
1395 2502
1396 2326
1396 1749
1396 1986
1397 3990
1398 3879
1399 3790
1399 3789
1400 1523
1400 2012
1401 3187
1401 3657
1402 3118
1402 1900
1403 3512
1404 1850
1404 3249
1404 2305
1405 1923
1406 3443
1406 2719
1407 2880
1407 1642
1408 3910
1408 2620
1409 1999
1409 1655
1410 3979
1410 3192
1411 3863
1411 3306
1412 3084
1412 2351
1413 2419
1413 3671
1414 2959
1414 2693
1414 1445
1415 1567
1416 2095
1416 2055
1417 3719
1417 1919
1417 2664
1418 2220
1418 2799
1419 2891
1419 3253
1419 2522
1420 2905
1420 3663
1420 1463
1421 3835
1421 2922
1422 3090
1422 3038
1423 1444
1423 2809
1424 1446
1424 1928
1425 2604
1425 1629
1425 3225
1426 3889
1426 1869
1426 1668
1427 1735
1428 2058
1428 2705
1429 2623
1429 3068
1429 2437
1430 3384
1430 3749
1430 2442
1431 2010
1431 1755
1432 2481
1433 2895
1433 3626
1433 2634
1434 1441
1434 1832
1435 2739
1435 1555
1436 2216
1436 3057
1437 3373
1438 1963
1438 2276
1439 2556
1439 2646
1439 1770
1440 2603
1440 1880
1441 2061
1441 3707
1442 3728
1442 1561
1443 3497
1444 2064
1446 3016
1446 3723
1447 3537
1448 2332
1448 2157
1450 2163
1450 2582
1450 1726
1451 1731
1451 3836
1452 2389
1452 2947
1452 2209
1453 3658
1453 3308
1453 2869
1454 2953
1454 2938
1455 2168
1455 3666
1456 1840
1456 1647
1457 3052
1457 1581
1458 2730
1458 2971
1459 3093
1459 3682
1460 2651
1460 3612
1461 3699
1461 2066
1462 3919
1462 2759
1462 3904
1463 3536
1464 1803
1465 3446
1466 2317
1466 3088
1466 2637
1467 2426
1468 3268
1468 2328
1469 2467
1469 3991
1470 2159
1471 2823
1471 3308
1472 2819
1472 2690
1473 1542
1474 2561
1474 2982
1475 3388
1476 1993
1476 3171
1477 3233
1478 2273
1478 2431
1480 2577
1480 3806
1481 2073
1482 2063
1482 3069
1482 3382
1483 2483
1483 3208
1484 3450
1484 1933
1485 2203
1485 2732
1486 1786
1486 2534
1487 2896
1487 3229
1487 1829
1488 2364
1488 1851
1488 2920
1489 3207
1489 2029
1490 1839
1491 2121
1491 2715
1491 3120
1492 2959
1493 3718
1493 2402
1493 3622
1494 2984
1495 3989
1495 1958
1496 2513
1496 1717
1497 2501
1498 2125
1498 2075
1499 3155
1499 1979
1500 1547
1500 2778
1501 3356
1501 1903
1501 1913
1502 2648
1503 2764
1503 3647
1504 2151
1504 2235
1504 2631
1505 1573
1505 3607
1506 3747
1506 2985
1507 3611
1507 3007
1508 1853
1510 3660
1510 3285
1510 2136
1511 2893
1511 2508
1512 3376
1512 2833
1512 2363
1513 3402
1513 1572
1513 1695
1514 1963
1514 3082
1515 3288
1516 2391
1516 3686
1517 2724
1517 2071
1517 2843
1518 1613
1518 3169
1519 1999
1519 3876
1520 2178
1521 2712
1521 1694
1522 1736
1522 3068
1524 3604
1524 1768
1524 1526
1525 2162
1525 3165
1525 2171
1526 2844
1527 2766
1527 2929
1528 3786
1529 2125
1529 3067
1530 2099
1530 3458
1531 3553
1531 3201
1532 2408
1532 1717
1532 3120
1533 1980
1533 3678
1534 3118
1534 2427
1535 3809
1536 3283
1537 3501
1537 2894
1538 2503
1539 3114
1540 2492
1541 2641
1541 3914
1542 3079
1542 3034
1543 3883
1543 1798
1543 2328
1544 3552
1544 3949
1545 2787
1545 1802
1546 3151
1547 2287
1548 3618
1548 2985
1549 2609
1549 2215
1550 2180
1551 3909
1551 1742
1551 3794
1552 3782
1552 3265
1552 1703
1553 2101
1554 3643
1554 2830
1555 2757
1555 3649
1556 3713
1556 3000
1557 3905
1557 1926
1558 1785
1558 2912
1559 1839
1559 3646
1560 3838
1560 1897
1561 3665
1561 3069
1562 3931
1563 1914
1563 1635
1564 3426
1564 2551
1564 3220
1565 3659
1566 2727
1566 3006
1567 1898
1567 3142
1568 3872
1568 3591
1569 1847
1569 1879
1570 2599
1570 3716
1570 2237
1571 3988
1572 2370
1572 1959
1573 2872
1574 3834
1574 3302
1575 3667
1575 3035
1575 2676
1576 3828
1576 2924
1576 3443
1577 3525
1577 3809
1577 1864
1578 1596
1579 1949
1579 3918
1580 3781
1580 2236
1581 2382
1583 2275
1583 2717
1584 3786
1584 3165
1585 3599
1586 1775
1586 1588
1586 3268
1587 1921
1587 2232
1588 2552
1589 3365
1589 2563
1590 3414
1590 3954
1590 2389
1591 2088
1591 2417
1592 3575
1592 2807
1593 3518
1594 2817
1594 1889
1595 1912
1595 3088
1596 3167
1596 2413
1597 1966
1597 3687
1597 3372
1598 3018
1598 3032
1599 1611
1599 3467
1599 3264
1600 1620
1600 3531
1601 1935
1602 1741
1602 3131
1602 1899
1603 3942
1604 3610
1604 3483
1605 3370
1605 2240
1605 3286
1606 2455
1606 3571
1606 2176
1607 1677
1607 3363
1607 2577
1608 2955
1609 2716
1610 2815
1610 2854
1611 2882
1611 2574
1612 2121
1612 2884
1612 2953
1613 2223
1613 1643
1614 2742
1614 1678
1615 3806
1615 2571
1615 2111
1616 1798
1616 3758
1617 3841
1617 3034
1619 1793
1619 2084
1619 3103
1620 2255
1621 2413
1621 3020
1622 3606
1622 3840
1622 3368
1623 3281
1623 3516
1623 1755
1624 3693
1624 2257
1625 2965
1625 2718
1625 2052
1627 2957
1627 2257
1628 3362
1628 1635
1628 3731
1629 1751
1630 2972
1630 3533
1631 3141
1632 3450
1633 2452
1634 3956
1634 3920
1635 2049
1636 3733
1636 3673
1637 3620
1637 3916
1638 3573
1638 1826
1638 2980
1639 1793
1639 2701
1640 3107
1640 2300
1641 3643
1642 1962
1643 3054
1643 3333
1644 2567
1645 3966
1646 3597
1646 2969
1646 1761
1647 2076
1647 2512
1648 2838
1649 3830
1649 2533
1649 2644
1650 2797
1650 3000
1651 3056
1651 2999
1652 2572
1652 3137
1653 3295
1653 3681
1655 2032
1656 1937
1656 3847
1657 2669
1658 3577
1659 3680
1660 3882
1660 3932
1661 3782
1661 3249
1661 3289
1662 1885
1662 2118
1662 3695
1663 2776
1663 3947
1664 3873
1664 3850
1664 3149
1665 2580
1665 3301
1667 2930
1667 3765
1667 1946
1668 2407
1669 3707
1669 3359
1670 2161
1670 2104
1671 3890
1671 3247
1671 2417
1672 2324
1673 1823
1673 2694
1674 2762
1674 1760
1675 3236
1676 2565
1677 2600
1678 3499
1678 1915
1679 3257
1679 3920
1680 1873
1680 3339
1680 1734
1681 3923
1681 1879
1682 2112
1682 3773
1683 3689
1684 2453
1684 3397
1684 3350
1685 2842
1686 3074
1686 3679
1687 3518
1687 2393
1687 1882
1688 3187
1689 3880
1689 2860
1689 1994
1690 2032
1690 1934
1691 3564
1692 1931
1692 3849
1692 3100
1693 2696
1693 1812
1694 3106
1694 2340
1695 3660
1696 2854
1696 2829
1697 3893
1698 3071
1698 2422
1699 2285
1700 3703
1700 2145
1701 3550
1701 3960
1702 2908
1702 2177
1702 3445
1703 3245
1703 2537
1705 1938
1706 3791
1706 3935
1706 3516
1707 3772
1707 3584
1707 3560
1708 3838
1708 2211
1709 3783
1709 3709
1710 1834
1711 2498
1712 3227
1712 1809
1712 2603
1713 2660
1713 2869
1713 2193
1714 2769
1714 2195
1716 2649
1716 1760
1716 2905
1718 2235
1718 3866
1719 3777
1720 1983
1720 2943
1721 2497
1721 3812
1722 3099
1723 3490
1724 3110
1724 1928
1724 2808
1725 2196
1726 3110
1727 2901
1727 2949
1728 2164
1728 2393
1728 2458
1729 3630
1729 2398
1730 3943
1730 2543
1731 3704
1732 3725
1732 3580
1732 2241
1733 3544
1734 2735
1734 1865
1735 3327
1735 2319
1736 3409
1736 3000
1737 2066
1737 2675
1738 3622
1738 2081
1738 3973
1740 3157
1740 2230
1741 2948
1743 2001
1743 3795
1744 2765
1744 3678
1744 3400
1745 3871
1746 2939
1747 2647
1748 3354
1748 2529
1749 2304
1749 3839
1750 2062
1751 2524
1751 3055
1752 2004
1752 3010
1753 2245
1753 2499
1754 2766
1754 3377
1754 3686
1755 1837
1756 3530
1756 2500
1757 3573
1757 3620
1757 3789
1758 2348
1758 3398
1759 2060
1760 1924
1761 2169
1762 2486
1762 3194
1762 3860
1763 3527
1763 2266
1764 2601
1764 3144
1765 2828
1765 2876
1765 1797
1766 2881
1767 2381
1767 2646
1767 1947
1768 2053
1769 3409
1770 2041
1770 3251
1771 3332
1772 3535
1772 2637
1773 2745
1774 3251
1774 3489
1775 3980
1776 2375
1777 1839
1777 2459
1778 3565
1778 1857
1779 1883
1780 3021
1780 2139
1781 3326
1782 2001
1782 2672
1782 2189
1783 2497
1783 2264
1783 2785
1784 3550
1784 3995
1785 2049
1785 3123
1786 2439
1786 2176
1787 1956
1787 3474
1787 2754
1788 3343
1788 3714
1789 3882
1789 3390
1790 2335
1791 3851
1791 2963
1792 2050
1792 3232
1794 2186
1795 2639
1795 2989
1796 3498
1797 2207
1799 3230
1799 2304
1799 3292
1800 3804
1800 1868
1801 2095
1802 2126
1803 2141
1804 3307
1804 3636
1805 3378
1805 2931
1806 3472
1806 3427
1807 3644
1807 2500
1808 2354
1808 2225
1809 2866
1810 3656
1811 2514
1812 2649
1812 3460
1813 3090
1813 1863
1814 3297
1815 2847
1815 2127
1816 2116
1817 3978
1817 3903
1818 1840
1819 2569
1819 2723
1819 3425
1820 3895
1820 2246
1821 3159
1822 2120
1824 2825
1824 3374
1825 3999
1825 2964
1826 1916
1827 3509
1827 2025
1827 3213
1828 2726
1828 3738
1829 3787
1829 2302
1830 3708
1831 3581
1832 3152
1833 1935
1834 2903
1834 2082
1835 1902
1835 3019
1836 3606
1836 2160
1837 1983
1838 2739
1841 3101
1841 2412
1842 3493
1842 3859
1842 2807
1843 1939
1843 2271
1843 3306
1844 2545
1844 1903
1845 2056
1846 2388
1846 3969
1847 3874
1847 3435
1848 1945
1848 2964
1848 2495
1849 3641
1849 3798
1850 3304
1851 3515
1851 3303
1852 2158
1852 2742
1853 2069
1854 2965
1854 3013
1855 3154
1856 3781
1856 3245
1857 3544
1857 3462
1858 2931
1859 3276
1860 2986
1860 2478
1860 1955
1861 2208
1861 3969
1862 2890
1862 3400
1863 3006
1863 2384
1864 2390
1866 3219
1866 1982
1866 2610
1868 3422
1868 3133
1869 3607
1869 1995
1870 2693
1871 1902
1871 2371
1872 3663
1873 2133
1874 2682
1874 1958
1874 3066
1876 2141
1877 2781
1877 3522
1878 2117
1878 3609
1880 3572
1881 3202
1881 3256
1883 3482
1883 3440
1884 3243
1884 1975
1885 3983
1886 2310
1887 2388
1888 3729
1888 3846
1889 3912
1889 2951
1890 2350
1891 3889
1891 2759
1891 3916
1892 2197
1893 2108
1894 2679
1896 1992
1897 2192
1897 3440
1898 2635
1898 2228
1899 2030
1901 2389
1904 2498
1904 3579
1905 3597
1905 3202
1905 3792
1906 3879
1906 2302
1906 2911
1907 2548
1907 3628
1908 2026
1909 2668
1909 2971
1910 3674
1910 2541
1910 3125
1911 2895
1911 3068
1912 3702
1912 2170
1913 3324
1915 3225
1916 2423
1916 2621
1917 3143
1918 2324
1919 1927
1919 3175
1920 2855
1920 2613
1921 3901
1922 2171
1922 3147
1923 3128
1923 3425
1924 3486
1924 3049
1925 3897
1926 2124
1927 3715
1928 3096
1929 2107
1929 3113
1930 3362
1931 1937
1932 2149
1932 1969
1933 2461
1933 3366
1934 3254
1934 3599
1936 2589
1936 3180
1937 2471
1938 3311
1940 3973
1941 3794
1941 3447
1942 3069
1944 3772
1944 3334
1945 3998
1946 2482
1948 3553
1949 3766
1950 2349
1951 2253
1952 3391
1952 3846
1952 3048
1953 2899
1954 2930
1954 2726
1955 3897
1956 3066
1956 1962
1957 3964
1957 3422
1958 3268
1959 2374
1960 3515
1961 2823
1962 2662
1963 3434
1964 2156
1964 2481
1965 3384
1966 3431
1966 3888
1967 2530
1968 2909
1969 3093
1970 3820
1972 3169
1973 3008
1974 2735
1974 3134
1974 2239
1976 3363
1976 3875
1977 3274
1977 2845
1978 3933
1979 2748
1980 3493
1981 3762
1981 3642
1982 2168
1983 2189
1984 2691
1984 2083
1985 3478
1985 3867
1986 2722
1987 2475
1988 3399
1989 2660
1989 2557
1989 3056
1990 3442
1991 3177
1991 2240
1992 3735
1992 3608
1993 2187
1993 2573
1994 3634
1995 2003
1996 3318
1996 3240
1997 2524
1997 3488
1998 2306
1998 2684
1999 3408
2000 3491
2000 2404
2000 3738
2002 3742
2002 3031
2003 2360
2004 3326
2004 2139
2005 3723
2006 2077
2006 3595
2006 3056
2007 2051
2007 3526
2008 3357
2009 3356
2009 3870
2010 2100
2011 2392
2011 3923
2013 3476
2013 2341
2014 2630
2014 3984
2014 2363
2015 3684
2015 3380
2016 2415
2016 3053
2017 3726
2017 2352
2018 2271
2019 2385
2019 2040
2021 3866
2021 2958
2021 3677
2022 2613
2022 2788
2022 2382
2023 2599
2024 2558
2024 2213
2025 2762
2025 3026
2027 2342
2029 3383
2029 2048
2030 3737
2031 3189
2031 3186
2032 2905
2033 3578
2033 3543
2034 2441
2034 2638
2035 3774
2036 3060
2036 3186
2037 2335
2038 3879
2040 2327
2041 3961
2041 3460
2042 3128
2042 3653
2043 3045
2043 2108
2044 2430
2044 2218
2045 2379
2045 3378
2045 3183
2046 3066
2047 3453
2047 3433
2048 2952
2048 2329
2049 3801
2050 2956
2050 2259
2051 3241
2051 2112
2052 3092
2053 2120
2054 2537
2054 3826
2055 2102
2056 2719
2057 2727
2058 3657
2059 2062
2059 2744
2060 3608
2061 3248
2061 3201
2062 3881
2063 3126
2063 2308
2064 2614
2065 3399
2065 3971
2067 3776
2067 3435
2067 3487
2068 2992
2068 2256
2068 3732
2069 3982
2070 3976
2071 3542
2072 3067
2072 3756
2073 3959
2073 3112
2074 2096
2074 3132
2075 2991
2076 2597
2077 2967
2077 3750
2078 3179
2079 3549
2079 3896
2081 3456
2082 2467
2083 3872
2083 3286
2085 2471
2086 2197
2087 2772
2088 3602
2088 3292
2089 2143
2090 2835
2090 2773
2091 3952
2091 3030
2091 3546
2092 2135
2092 3526
2093 2487
2093 2721
2094 3310
2094 3586
2094 2261
2096 2919
2097 3798
2098 3659
2098 2517
2099 2247
2100 3938
2101 2816
2101 2871
2102 2212
2103 3754
2103 2384
2104 2734
2105 2180
2105 2278
2105 2346
2106 3078
2106 2489
2107 2697
2107 2249
2108 2185
2109 2210
2109 3907
2109 3133
2110 2980
2111 3395
2111 2562
2113 2346
2113 2549
2114 3246
2115 2696
2115 3404
2116 2247
2116 2549
2117 3997
2117 3832
2118 3459
2118 2703
2119 2492
2119 2906
2121 2791
2122 3383
2122 3967
2122 2657
2123 2534
2124 3502
2124 3360
2126 3402
2126 2780
2127 2195
2128 2295
2128 3666
2129 3270
2129 2856
2130 3566
2130 2523
2131 2733
2131 2759
2131 3445
2133 3381
2134 2200
2136 3868
2137 2170
2137 3257
2137 3554
2139 3045
2141 3965
2142 2172
2142 3192
2143 3040
2143 3080
2144 2620
2144 2568
2145 3136
2145 3183
2146 2525
2147 2547
2147 3091
2147 2961
2148 2760
2148 2884
2150 2486
2150 2366
2150 2319
2151 3176
2152 2807
2153 2761
2154 2293
2154 3195
2155 3278
2155 3963
2157 2579
2158 3758
2158 3865
2159 2368
2160 3617
2161 3196
2162 3959
2163 2343
2164 2327
2165 3497
2165 3894
2166 3321
2166 3021
2167 2351
2168 3537
2169 3191
2169 3381
2170 2888
2172 2269
2173 2755
2173 3242
2173 3664
2174 3538
2174 3470
2174 2809
2175 3554
2177 3913
2178 2257
2179 2897
2179 3353
2180 3283
2181 3606
2181 2692
2182 3408
2183 3625
2183 3489
2184 3208
2186 2207
2187 3927
2188 3223
2188 3885
2188 3974
2190 3637
2190 2900
2190 3629
2191 3982
2192 3048
2193 2292
2193 3925
2194 2399
2194 2403
2194 3370
2196 2958
2198 3185
2199 3290
2199 3305
2201 3640
2203 2747
2204 3946
2206 2629
2208 2418
2209 3036
2209 2299
2210 3538
2210 3811
2211 3345
2213 2443
2214 2670
2214 2218
2214 2711
2215 2359
2217 3027
2219 3548
2219 2916
2219 3760
2220 2656
2220 3188
2221 3527
2221 3885
2222 3011
2223 3632
2224 3216
2225 3477
2225 3534
2226 3972
2227 2763
2229 2704
2229 2784
2229 3761
2230 2559
2231 2908
2231 3301
2232 3155
2233 2823
2234 2908
2234 2803
2234 2538
2235 3456
2236 3434
2239 2698
2241 3213
2241 2528
2242 3941
2243 2282
2243 3715
2244 3679
2244 2442
2246 3148
2246 2691
2248 2396
2249 3324
2250 2846
2250 3373
2251 2280
2251 2297
2252 2712
2252 3359
2253 3696
2253 3374
2254 3248
2254 3843
2254 3232
2255 3032
2258 3315
2258 2921
2258 2636
2259 3017
2260 2992
2260 3614
2260 3859
2261 3858
2261 3989
2262 3559
2263 3474
2264 3931
2265 2660
2265 2331
2267 3829
2268 3025
2269 3216
2270 3680
2270 3633
2270 2363
2271 2857
2272 2707
2272 3405
2273 2944
2273 3139
2274 3058
2275 3360
2276 2826
2277 3844
2277 3266
2278 3449
2279 3722
2279 3200
2279 2437
2280 2370
2281 3945
2281 3105
2281 3955
2283 3321
2283 2745
2284 3961
2284 3319
2284 3706
2285 3097
2285 2731
2286 3878
2286 3739
2287 3897
2287 3848
2289 2926
2290 2602
2290 3807
2290 3888
2291 2457
2291 2677
2291 3868
2292 2483
2292 3411
2293 2682
2294 3160
2294 2607
2295 3850
2295 2409
2296 2440
2297 3953
2297 2791
2298 3129
2299 3109
2301 2720
2301 2724
2303 2466
2303 2538
2304 2561
2305 3247
2305 3418
2306 3757
2307 2885
2307 2973
2308 3839
2309 3384
2309 3468
2309 3826
2311 3948
2311 3529
2312 3199
2313 2880
2313 2462
2314 3318
2314 3012
2315 2921
2315 2509
2316 3083
2316 3115
2316 3675
2317 3365
2318 2922
2318 3958
2320 2553
2320 2521
2321 2895
2323 3347
2323 2586
2324 2777
2326 3720
2326 3732
2327 3625
2328 3266
2329 2815
2329 3091
2331 3631
2333 2562
2333 2793
2334 2553
2336 3479
2337 3589
2337 3164
2338 3871
2338 3831
2339 2532
2340 2484
2340 3807
2341 3130
2342 2737
2342 3856
2344 3750
2345 3898
2346 3747
2347 2561
2350 2864
2351 3902
2352 3171
2352 3475
2353 3751
2354 2859
2355 3335
2355 2642
2355 2473
2356 3097
2356 3942
2356 2795
2357 3932
2358 3493
2360 2527
2361 3624
2362 3403
2365 3270
2365 3005
2366 2952
2366 2666
2367 2446
2367 2875
2369 3367
2369 3819
2369 3095
2371 3808
2372 3353
2373 3124
2374 3867
2375 2694
2376 3571
2377 3126
2378 2997
2378 2627
2379 2738
2380 3127
2380 2619
2380 3689
2381 2396
2381 2873
2382 3911
2383 2829
2383 3957
2383 3275
2385 2588
2386 3128
2387 2491
2390 3855
2391 3986
2392 3637
2393 3829
2394 3361
2394 3254
2395 3688
2395 3532
2395 2419
2396 2632
2397 3829
2397 2957
2398 2878
2399 2606
2400 3405
2401 3477
2401 3605
2402 2457
2403 3498
2405 3604
2406 3689
2407 3890
2407 3869
2408 2923
2409 3449
2410 3018
2410 3364
2411 3955
2411 3042
2412 2831
2413 3059
2414 3818
2415 3130
2416 2840
2417 3328
2418 3185
2419 2915
2420 3252
2420 2805
2420 3125
2421 2618
2424 3769
2424 3199
2425 2729
2425 3761
2426 3156
2427 3352
2428 2776
2428 3462
2429 2839
2429 3398
2430 3928
2430 2564
2431 3528
2431 3917
2432 2789
2432 2991
2433 2734
2434 2951
2434 2601
2436 2538
2437 3877
2438 3168
2438 2939
2439 2733
2439 3201
2441 3970
2443 3912
2444 2686
2445 3273
2446 2452
2446 3236
2447 3254
2448 3231
2449 3337
2449 2781
2450 3001
2450 3061
2450 3914
2451 3594
2451 2488
2451 3216
2453 2477
2453 2897
2455 2626
2456 3617
2456 3567
2456 3355
2457 3730
2458 2913
2458 3712
2459 3719
2460 3356
2461 2617
2463 2801
2464 3279
2465 3991
2467 3116
2468 3271
2469 3784
2470 3287
2470 3206
2472 2674
2472 3753
2473 2635
2474 3730
2474 3590
2475 2856
2476 3944
2478 3310
2478 2873
2479 2750
2485 3476
2485 3925
2486 3150
2487 2630
2487 2546
2488 3843
2489 3645
2490 3140
2490 3059
2490 2928
2491 2933
2493 2913
2493 3429
2493 3676
2494 2810
2495 2533
2496 3158
2497 2801
2498 3280
2501 2773
2502 2999
2502 3539
2503 3743
2503 3007
2504 2756
2504 3406
2506 3150
2507 2663
2509 2743
2509 3095
2510 3702
2512 2554
2513 3968
2514 3438
2514 3729
2516 3787
2517 3852
2518 3468
2519 2917
2519 2937
2520 2850
2521 3367
2521 3235
2522 3692
2522 3293
2524 3027
2525 3351
2525 3676
2526 3560
2526 3850
2529 3661
2529 3231
2530 2701
2531 3499
2532 3185
2532 3042
2535 3016
2536 3981
2536 3376
2537 3806
2539 3174
2539 3626
2541 3944
2541 3996
2545 3797
2547 3496
2547 3821
2548 3944
2549 2610
2550 2653
2550 3065
2552 2707
2553 2863
2554 3982
2555 3284
2555 3675
2556 3391
2557 2870
2559 2876
2560 2713
2563 2641
2563 3481
2564 2912
2566 3419
2567 3917
2567 2673
2569 3179
2570 3900
2571 2804
2573 3146
2575 2655
2575 2802
2575 3987
2576 3759
2576 3670
2576 2811
2577 2981
2578 3631
2578 3444
2580 2890
2581 3788
2582 2671
2583 2973
2583 3746
2584 2713
2584 2603
2585 3837
2586 3667
2586 2838
2587 3179
2587 3522
2588 3181
2588 2594
2589 3164
2590 3004
2590 3147
2590 3423
2591 3464
2591 2627
2592 3215
2594 2715
2595 3506
2596 3710
2596 2781
2597 2706
2598 2851
2599 3072
2600 3950
2602 2621
2605 3222
2605 3790
2607 3737
2607 3914
2608 2849
2609 3263
2609 3965
2610 3551
2613 2699
2614 2687
2615 3951
2616 2730
2616 3627
2617 2924
2618 3119
2619 3070
2619 3291
2621 2873
2623 3645
2624 2888
2625 3481
2626 2983
2628 3170
2628 3094
2630 3939
2631 2681
2632 3402
2632 3818
2633 3900
2633 3863
2635 2854
2636 3344
2637 3893
2638 2995
2638 3866
2639 2956
2642 3458
2643 3693
2643 3488
2643 2847
2644 3651
2645 3382
2646 3104
2647 2967
2648 3719
2648 3094
2650 3046
2650 2888
2651 3540
2651 3731
2652 3298
2653 3336
2655 3669
2656 3744
2656 3616
2658 2982
2658 2901
2659 3632
2659 3863
2661 2856
2663 3770
2664 3570
2665 3271
2665 3012
2665 3816
2666 3666
2667 3287
2669 3046
2669 3162
2670 3508
2671 3191
2672 2935
2673 2992
2673 3814
2675 3558
2675 2798
2676 3028
2678 3570
2679 3045
2679 2710
2680 2780
2680 3497
2682 3527
2683 3712
2683 2698
2684 3457
2686 2800
2687 3338
2688 2785
2689 3933
2689 3225
2690 3190
2695 2882
2695 3727
2697 3470
2697 3429
2700 3504
2700 3304
2702 3976
2702 2994
2704 3880
2705 2935
2705 3002
2706 3921
2707 3717
2708 3361
2709 3614
2709 2986
2710 3740
2710 3534
2711 2771
2711 2814
2712 2915
2714 3986
2715 2877
2717 3074
2718 3455
2721 3316
2722 3848
2723 3181
2723 2886
2724 3755
2728 2918
2729 3485
2731 2813
2734 2771
2735 3864
2736 3221
2736 3588
2737 3688
2737 3615
2738 3315
2741 3446
2742 2885
2747 3933
2747 2862
2748 3204
2749 3030
2751 2846
2751 3055
2752 2925
2753 3269
2754 3098
2755 3675
2756 3243
2757 3873
2761 3163
2763 2806
2764 2940
2764 3244
2765 3437
2766 3973
2767 3785
2768 2972
2768 3029
2770 3036
2770 3329
2771 3486
2772 3978
2772 3432
2773 2808
2774 3593
2775 3270
2775 3710
2777 3821
2778 3752
2778 3845
2779 3280
2780 3817
2782 3683
2783 3024
2787 3532
2788 3980
2788 3008
2789 3448
2790 2982
2790 3895
2792 2900
2792 3448
2793 3401
2794 3346
2794 3624
2794 2929
2795 3775
2796 3023
2796 3764
2798 3438
2800 3461
2801 3746
2802 3447
2803 3833
2805 3267
2806 3517
2810 3700
2811 3714
2811 2961
2812 3024
2813 2997
2814 3491
2815 3952
2816 3459
2816 2825
2817 3132
2819 3063
2820 3294
2820 3708
2821 3733
2821 3746
2821 3648
2822 3698
2825 3910
2826 3825
2828 3142
2830 2976
2831 3950
2832 3822
2832 3436
2834 3349
2834 3929
2835 3463
2836 2988
2836 3411
2839 3528
2840 3325
2843 3019
2845 3766
2846 3827
2848 2857
2848 3290
2849 3948
2850 3197
2851 3439
2851 3741
2852 3633
2853 3811
2855 2883
2858 3964
2860 2927
2860 3065
2861 2966
2861 3726
2862 3258
2863 3089
2864 3316
2865 3461
2865 3044
2866 3985
2866 2921
2867 3764
2868 3799
2868 3365
2871 3375
2871 3979
2874 3903
2874 3039
2877 2930
2878 3860
2879 3340
2880 3813
2881 3819
2882 3771
2885 3348
2886 3818
2887 3503
2887 3153
2889 3828
2889 3958
2890 3910
2891 3075
2891 3348
2892 3021
2892 3151
2893 3724
2894 3455
2896 3803
2897 3464
2898 3874
2898 3972
2899 3978
2900 3836
2901 3121
2902 3341
2902 3368
2906 3197
2906 3744
2907 3736
2910 3073
2910 3765
2911 3390
2914 3563
2914 3220
2916 3831
2917 3731
2918 3604
2919 2993
2919 3876
2922 3276
2923 3613
2923 3902
2924 3223
2925 3278
2925 3138
2927 3485
2928 2984
2929 3432
2932 3637
2933 3387
2934 3514
2934 3275
2936 3743
2937 3342
2941 3353
2942 3428
2942 3749
2943 3139
2944 3925
2944 3455
2946 2984
2947 3031
2949 3418
2951 3672
2953 3992
2954 3448
2955 3335
2957 3323
2960 3198
2962 3127
2963 3971
2966 3386
2969 3187
2969 3555
2970 3189
2970 3308
2971 3940
2973 3549
2974 3010
2975 3812
2976 3473
2977 3585
2978 3416
2979 3710
2979 3794
2981 3554
2985 3670
2988 3158
2988 3293
2989 3704
2990 3627
2991 3722
2994 3495
2996 3428
2996 3805
2996 3536
2999 3027
3001 3082
3001 3635
3003 3975
3005 3911
3005 3797
3007 3472
3010 3258
3011 3768
3013 3386
3015 3301
3015 3653
3017 3586
3017 3275
3020 3613
3022 3060
3026 3413
3028 3343
3029 3736
3033 3470
3037 3491
3039 3377
3041 3298
3046 3894
3049 3219
3050 3345
3051 3104
3051 3309
3052 3563
3052 3559
3055 3988
3057 3821
3060 3139
3061 3401
3061 3101
3062 3856
3063 3735
3064 3161
3064 3915
3072 3690
3073 3702
3077 3235
3079 3224
3079 3918
3080 3180
3081 3274
3083 3372
3084 3760
3085 3105
3088 3269
3089 3410
3089 3582
3090 3977
3092 3134
3096 3563
3096 3701
3097 3400
3098 3473
3099 3518
3100 3569
3101 3958
3102 3911
3105 3409
3106 3214
3107 3267
3107 3398
3111 3339
3112 3241
3113 3504
3114 3525
3116 3209
3117 3122
3119 3812
3120 3724
3123 3935
3123 3664
3124 3621
3125 3508
3129 3210
3131 3579
3133 3259
3135 3930
3138 3646
3141 3593
3143 3592
3143 3429
3145 3786
3145 3421
3146 3574
3146 3691
3149 3177
3149 3334
3152 3501
3155 3887
3156 3399
3157 3912
3161 3307
3161 3893
3162 3302
3163 3629
3166 3957
3166 3899
3168 3935
3169 3790
3170 3684
3173 3721
3178 3447
3181 3647
3182 3204
3183 3585
3189 3721
3190 3842
3192 3820
3194 3705
3196 3234
3198 3724
3199 3668
3202 3921
3203 3830
3203 3755
3205 3376
3207 3568
3209 3730
3211 3295
3211 3439
3212 3495
3212 3351
3214 3619
3215 3545
3218 3591
3222 3629
3228 3519
3229 3979
3230 3445
3230 3345
3231 3530
3235 3337
3237 3886
3238 3977
3238 3765
3239 3754
3239 3988
3240 3419
3241 3631
3242 3508
3244 3509
3245 3849
3246 3389
3246 3407
3247 3969
3250 3810
3250 3678
3253 3669
3255 3311
3256 3898
3259 3309
3259 3994
3260 3853
3260 3760
3262 3603
3262 3677
3263 3801
3267 3920
3272 3572
3278 3800
3279 3908
3280 3507
3282 3857
3283 3875
3284 3906
3287 3462
3288 3638
3289 3784
3289 3764
3290 3875
3292 3595
3293 3871
3297 3712
3299 3513
3300 3423
3303 3773
3307 3705
3311 3948
3312 3750
3312 3412
3313 3430
3314 3589
3314 3949
3319 3939
3320 3585
3322 3774
3322 3623
3323 3983
3324 3793
3325 3362
3326 3514
3328 3499
3329 3460
3330 3505
3332 3789
3337 3845
3341 3913
3342 3487
3343 3555
3344 3664
3346 3803
3346 3697
3347 3480
3349 3740
3352 3424
3354 3756
3355 3992
3357 3451
3358 3752
3358 3524
3368 3832
3369 3602
3371 3687
3372 3986
3373 3658
3375 3951
3378 3572
3379 3855
3380 3773
3382 3899
3386 3905
3388 3720
3392 3779
3394 3974
3396 3891
3397 3590
3410 3872
3412 3466
3414 3575
3416 3937
3417 3844
3420 3579
3421 3898
3424 3661
3433 3620
3434 3742
3436 3524
3437 3884
3437 3815
3440 3810
3443 3777
3452 3457
3452 3633
3453 3618
3454 3673
3454 3777
3456 3742
3457 3767
3466 3805
3467 3473
3469 3691
3469 3595
3471 3737
3475 3490
3478 3574
3478 3946
3487 3759
3496 3498
3500 3763
3500 3955
3502 3763
3502 3865
3505 3788
3506 3727
3507 3851
3510 3548
3510 3825
3515 3694
3517 3562
3520 3892
3520 3635
3520 3654
3523 3962
3523 3902
3533 3938
3533 3864
3534 3921
3536 3634
3539 3605
3541 3690
3541 3652
3542 3828
3542 3681
3543 3596
3545 3725
3546 3801
3548 3862
3549 3874
3560 3852
3564 3769
3565 3739
3567 3690
3568 3917
3573 3924
3577 3943
3578 3735
3580 3766
3582 3758
3587 3771
3587 3896
3598 3636
3600 3940
3601 3881
3605 3913
3609 3615
3610 3659
3616 3840
3618 3784
3626 3701
3628 3811
3639 3771
3642 3997
3644 3966
3650 3796
3650 3785
3651 3836
3655 3734
3656 3662
3663 3695
3665 3762
3668 3681
3672 3745
3674 3877
3685 3854
3691 3701
3692 3838
3694 3905
3700 3824
3704 3808
3709 3841
3709 3715
3713 3768
3714 3892
3716 3962
3718 3899
3718 3931
3726 3813
3727 3823
3728 3873
3729 3779
3739 3974
3748 3887
3754 3966
3759 3768
3767 3964
3767 3937
3780 3888
3781 3924
3795 3832
3796 3802
3796 3798
3823 3824
3842 3906
3847 3954
3858 3971
3869 3915
3881 3992
