1000  1500
1 970
1 105
1 968
2 134
2 637
2 285
3 395
3 321
3 975
4 18
4 663
4 599
5 881
5 137
5 340
6 979
6 698
6 518
7 45
7 330
7 678
8 695
8 355
8 626
9 115
9 76
9 986
10 178
10 171
10 954
11 390
11 508
11 116
12 502
12 595
12 52
13 333
13 193
13 104
14 291
14 29
14 289
15 189
15 366
15 699
16 150
16 92
16 604
17 397
17 874
17 180
18 382
18 231
19 46
19 853
19 234
20 174
20 123
20 696
21 770
21 236
21 781
22 660
22 250
22 562
23 79
23 555
23 413
24 414
24 984
24 355
25 378
25 386
25 41
26 81
26 384
26 994
27 658
27 628
27 685
28 182
28 909
28 781
29 782
29 234
30 365
30 757
30 291
31 410
31 522
31 806
32 279
32 147
32 559
33 854
33 610
33 789
34 573
34 420
34 826
35 303
35 956
35 395
36 120
36 135
36 428
37 822
37 843
37 620
38 989
38 722
38 561
39 962
39 829
39 797
40 814
40 135
40 320
41 561
41 841
42 379
42 469
42 888
43 642
43 833
43 955
44 223
44 542
44 346
45 786
45 514
46 719
46 746
47 654
47 881
47 285
48 162
48 495
48 645
49 254
49 586
49 174
50 756
50 952
50 99
51 937
51 973
51 851
52 308
52 790
53 141
53 73
53 582
54 276
54 657
54 924
55 902
55 855
55 298
56 191
56 460
56 938
57 920
57 916
57 75
58 500
58 961
58 595
59 935
59 724
59 252
60 513
60 180
60 883
61 592
61 704
61 347
62 641
62 119
62 912
63 418
63 315
63 764
64 270
64 373
64 868
65 728
65 324
65 336
66 204
66 840
66 286
67 832
67 747
67 862
68 533
68 291
68 616
69 94
69 991
69 963
70 728
70 897
70 190
71 484
71 298
71 226
72 295
72 699
72 779
73 662
73 378
74 270
74 484
74 392
75 810
75 415
76 557
76 329
77 545
77 491
77 584
78 926
78 389
78 306
79 475
79 344
80 675
80 693
80 199
81 255
81 380
82 444
82 818
82 340
83 730
83 868
83 242
84 127
84 544
84 407
85 170
85 468
85 565
86 679
86 845
86 973
87 136
87 113
87 809
88 501
88 873
88 680
89 472
89 882
89 462
90 216
90 959
90 99
91 641
91 711
91 704
92 557
92 284
93 211
93 789
93 449
94 865
94 297
95 110
95 763
95 651
96 710
96 788
96 874
97 323
97 785
97 539
98 494
98 738
98 154
99 356
100 224
100 431
100 530
101 784
101 492
101 221
102 356
102 911
102 563
103 429
103 228
103 857
104 643
104 109
105 778
105 342
106 439
106 111
106 458
107 937
107 154
107 603
108 962
108 936
108 580
109 802
109 411
110 530
110 218
111 472
111 325
112 313
112 384
112 831
113 808
113 483
114 605
114 852
114 254
115 325
115 417
116 622
116 419
117 295
117 775
117 834
118 494
118 159
118 212
119 478
119 363
120 241
120 540
121 676
121 805
121 684
122 969
122 427
122 241
123 606
123 597
124 179
124 332
124 963
125 368
125 747
125 725
126 326
126 698
126 775
127 519
127 433
128 188
128 207
128 707
129 713
129 673
129 320
130 598
130 202
130 930
131 739
131 354
131 336
132 263
132 819
132 1000
133 509
133 810
133 986
134 782
134 636
135 796
136 156
136 618
137 219
137 856
138 675
138 579
138 850
139 654
139 239
139 602
140 226
140 688
140 934
141 384
141 473
142 510
142 504
142 884
143 718
143 335
143 691
144 889
144 742
144 457
145 539
145 546
145 148
146 811
146 370
146 411
147 970
147 164
148 523
148 477
149 612
149 852
149 609
150 594
150 691
151 270
151 351
151 614
152 239
152 803
152 232
153 393
153 515
153 845
154 454
155 350
155 311
155 617
156 900
156 748
157 508
157 908
157 821
158 565
158 772
158 615
159 379
159 267
160 633
160 173
160 465
161 532
161 904
161 334
162 502
162 227
163 813
163 857
163 218
164 648
164 651
165 700
165 825
165 324
166 590
166 172
166 677
167 545
167 475
167 1000
168 737
168 464
168 804
169 861
169 953
169 475
170 443
170 805
171 936
171 424
172 861
172 574
173 202
173 757
174 963
175 815
175 743
175 181
176 769
176 421
176 995
177 888
177 939
177 521
178 715
178 486
179 807
179 940
180 261
181 501
181 957
182 931
182 873
183 905
183 855
183 650
184 410
184 804
184 378
185 784
185 636
185 362
186 794
186 329
186 768
187 282
187 958
187 1000
188 725
188 783
189 803
189 205
190 948
190 754
191 757
191 446
192 712
192 547
192 856
193 272
193 436
194 891
194 331
194 597
195 553
195 440
195 498
196 276
196 374
196 827
197 760
197 842
197 221
198 872
198 653
198 554
199 479
199 449
200 523
200 825
200 530
201 641
201 752
201 254
202 478
203 541
203 700
203 599
204 444
204 225
205 923
205 334
206 776
206 807
206 782
207 251
207 210
208 660
208 634
208 978
209 753
209 438
209 867
210 341
210 617
211 479
211 387
212 266
212 807
213 349
213 404
213 894
214 386
214 412
214 983
215 717
215 555
215 732
216 875
216 394
217 751
217 467
217 759
218 462
219 915
219 524
220 327
220 687
220 754
221 932
222 424
222 358
222 805
223 511
223 374
224 644
224 772
225 960
225 433
226 921
227 588
227 792
228 903
228 426
229 846
229 402
229 627
230 816
230 586
230 388
231 724
231 360
232 760
232 992
233 359
233 922
233 296
234 414
235 271
235 405
235 284
236 523
236 578
237 239
237 646
237 531
238 900
238 706
238 406
240 605
240 262
240 275
241 482
242 659
242 312
243 638
243 877
243 717
244 398
244 405
244 483
245 702
245 677
245 752
246 290
246 682
246 976
247 533
247 880
247 964
248 808
248 516
248 562
249 669
249 250
249 625
250 519
251 402
251 575
252 771
252 489
253 476
253 496
253 622
255 343
255 303
256 946
256 630
256 993
257 494
257 597
257 376
258 273
258 520
258 265
259 305
259 471
259 928
260 556
260 885
260 952
261 263
261 666
262 445
262 664
263 479
264 681
264 949
264 851
265 347
265 413
266 502
266 599
267 497
267 866
268 759
268 427
268 688
269 784
269 406
269 323
271 596
271 964
272 541
272 765
273 338
273 529
274 766
274 947
274 495
275 500
275 771
276 302
277 927
277 884
277 870
278 995
278 466
278 570
279 755
279 368
280 989
280 316
280 749
281 591
281 639
281 735
282 925
282 412
283 800
283 959
283 566
284 668
285 931
286 992
286 987
287 715
287 292
287 507
288 813
288 685
288 446
289 826
289 759
290 699
290 848
292 352
292 463
293 794
293 999
293 928
294 901
294 981
294 588
295 749
296 638
296 353
297 454
297 503
298 842
299 951
299 643
299 712
300 633
300 740
300 541
301 450
301 889
301 701
302 831
302 473
303 540
304 999
304 396
304 507
305 341
305 320
306 895
306 930
307 683
307 912
307 640
308 854
308 409
309 675
309 536
309 586
310 777
310 944
310 671
311 387
311 938
312 899
312 860
313 436
313 806
314 567
314 465
314 496
315 452
315 958
316 659
316 729
317 780
317 644
317 662
318 576
318 566
318 762
319 369
319 427
319 397
321 919
321 790
322 408
322 498
322 480
323 736
324 587
325 909
326 837
326 709
327 432
327 593
328 998
328 332
328 836
329 978
330 977
330 382
331 655
331 640
332 953
333 472
333 432
334 753
335 895
335 735
336 916
337 624
337 394
337 947
338 545
338 976
339 993
339 582
339 840
340 436
341 458
342 998
342 967
343 352
343 732
344 893
344 468
345 629
345 793
345 847
346 470
346 867
347 667
348 474
348 550
348 965
349 751
349 483
350 409
350 518
351 767
351 403
352 487
353 676
353 716
354 401
354 746
355 813
356 818
357 376
357 573
357 371
358 988
358 580
359 613
359 504
360 791
360 941
361 658
361 682
361 582
362 612
362 642
363 552
363 490
364 419
364 790
364 600
365 914
365 685
366 439
366 601
367 381
367 789
367 408
368 534
369 491
369 771
370 652
370 677
371 980
371 913
372 844
372 849
372 906
373 506
373 562
374 611
375 726
375 972
375 637
376 617
377 618
377 772
377 720
379 891
380 734
380 975
381 559
381 482
382 923
383 488
383 996
383 925
385 730
385 546
385 525
386 750
387 960
388 927
388 579
389 509
389 608
390 727
390 706
391 773
391 836
391 604
392 591
392 879
393 470
393 896
394 820
395 471
396 440
396 829
397 744
398 730
398 556
399 629
399 464
399 538
400 405
400 448
400 953
401 434
401 859
402 942
403 581
403 461
404 513
404 661
406 525
407 679
407 566
408 897
409 493
410 524
411 738
412 507
413 635
414 585
415 627
415 609
416 695
416 535
416 447
417 423
417 833
418 764
418 536
419 424
420 929
420 421
421 625
422 632
422 855
422 534
423 767
423 484
425 738
425 970
425 705
426 441
426 701
428 452
428 456
429 854
429 870
430 812
430 579
430 453
431 901
431 849
432 531
433 711
434 485
434 607
435 612
435 882
435 847
437 658
437 775
437 768
438 697
438 949
439 814
440 713
441 655
441 529
442 613
442 696
442 952
443 937
443 733
444 552
445 827
445 673
446 944
447 681
447 971
448 499
448 941
449 917
450 605
450 615
451 800
451 707
451 830
452 728
453 509
453 585
454 703
455 985
455 683
455 723
456 520
456 537
457 693
457 918
458 966
459 480
459 563
459 489
460 985
460 867
461 646
461 806
462 505
463 926
463 890
464 787
465 572
466 731
466 551
467 638
467 894
468 888
469 510
469 698
470 689
471 878
473 564
474 648
474 735
476 909
476 821
477 951
477 708
478 875
480 910
481 933
481 973
481 987
482 655
485 628
485 527
486 544
486 547
487 731
487 857
488 856
488 814
489 802
490 993
490 650
491 572
492 583
492 939
493 977
493 823
495 702
496 825
497 578
497 797
498 716
499 758
499 797
500 824
501 871
503 606
503 896
504 831
505 981
505 902
506 892
506 945
508 649
510 903
511 934
511 918
512 892
512 846
512 678
513 884
514 783
514 934
515 590
515 983
516 548
516 616
517 656
517 978
517 569
518 714
519 745
520 809
521 955
521 971
522 920
522 976
524 724
525 750
526 773
526 961
526 943
527 815
527 558
528 816
528 664
528 537
529 603
531 841
532 903
532 776
533 663
534 878
535 553
535 898
536 834
537 592
538 795
538 980
539 667
540 700
542 672
542 595
543 627
543 877
543 580
544 764
546 636
547 758
548 933
548 563
549 689
549 623
549 704
550 859
550 720
551 950
551 935
552 992
553 709
554 674
554 954
555 984
556 678
557 990
558 895
558 908
559 725
560 601
560 893
560 842
561 967
564 625
564 732
565 908
567 950
567 883
568 632
568 634
568 661
569 733
569 913
570 999
570 858
571 654
571 727
571 809
572 676
573 697
574 974
574 928
575 681
575 714
576 751
576 594
577 822
577 610
577 836
578 839
581 672
581 917
583 690
583 821
584 705
584 918
585 827
587 756
587 824
588 995
589 647
589 620
589 904
590 604
591 901
592 668
593 621
593 851
594 631
596 748
596 898
598 882
598 876
600 818
600 666
601 657
602 853
602 956
603 957
606 849
607 887
607 615
608 838
608 721
609 881
610 756
611 886
611 649
613 875
614 791
614 620
616 920
618 991
619 737
619 864
619 792
621 975
621 986
622 852
623 914
623 697
624 843
624 657
626 844
626 765
628 647
629 828
630 878
630 684
631 850
631 787
632 652
633 745
634 929
635 712
635 754
637 832
639 726
639 824
640 887
642 879
643 665
644 848
645 761
645 868
646 994
647 686
648 922
649 866
650 964
651 886
652 907
653 979
653 860
656 701
656 930
659 915
660 778
661 674
662 990
663 753
664 710
665 847
665 801
666 774
667 833
668 835
669 816
669 924
670 902
670 788
670 912
671 683
671 916
672 891
673 707
674 974
679 720
680 795
680 765
682 752
684 949
686 906
686 823
687 869
687 913
688 968
689 887
690 965
690 996
691 694
692 710
692 872
692 897
693 761
694 811
694 931
695 795
696 923
702 927
703 967
703 734
705 853
706 877
708 985
708 911
709 826
711 776
713 932
714 974
715 733
716 786
717 830
718 971
718 792
719 885
719 944
721 791
721 922
722 977
722 863
723 919
723 803
726 906
727 915
729 892
729 880
731 863
734 862
736 812
736 940
737 812
739 763
739 966
740 793
740 997
741 838
741 819
741 793
742 835
742 779
743 808
743 997
744 876
744 946
745 980
746 940
747 828
748 942
749 955
750 781
755 886
755 997
758 861
760 766
761 778
762 866
762 871
763 872
766 910
767 984
768 858
769 810
769 787
770 822
770 823
773 969
774 865
774 911
777 941
777 983
779 780
780 936
783 828
785 848
785 893
786 982
788 929
794 932
796 885
796 858
798 899
798 889
798 956
799 865
799 800
799 947
801 990
801 942
802 938
804 994
811 979
815 905
817 969
817 839
817 834
819 921
820 838
820 896
829 988
830 859
832 904
835 837
837 907
839 898
840 862
841 864
843 943
844 894
845 981
846 961
850 874
860 948
863 869
864 962
869 933
870 890
871 907
873 972
876 989
879 982
880 926
883 943
890 951
899 959
900 925
905 972
910 968
914 987
917 958
919 948
921 957
924 965
935 954
939 945
945 950
946 991
960 982
966 998
988 996
